# Zc 	 Nc 	 t0 (s) 	 elapsed time (s) 	 F (Hz) 
1 	      0.000 	            0.0000062 	            0.0000000 	            0.0000000 
2 	      0.500 	            0.0000244 	            0.0000181 	        27624.3093923 
3 	      1.000 	            0.0000422 	            0.0000179 	        27777.7777778 
4 	      1.500 	            0.0000604 	            0.0000181 	        27726.4325323 
5 	      2.000 	            0.0000784 	            0.0000180 	        27739.2510402 
6 	      2.500 	            0.0000963 	            0.0000180 	        27746.9478357 
7 	      3.000 	            0.0001144 	            0.0000180 	        27752.0814061 
8 	      3.500 	            0.0001323 	            0.0000180 	        27755.7494052 
9 	      4.000 	            0.0001503 	            0.0000180 	        27758.5010409 
10 	      4.500 	            0.0001683 	            0.0000180 	        27760.6415793 
11 	      5.000 	            0.0001864 	            0.0000180 	        27762.3542476 
12 	      5.500 	            0.0002044 	            0.0000180 	        27763.7556790 
13 	      6.000 	            0.0002224 	            0.0000180 	        27764.9236465 
14 	      6.500 	            0.0002404 	            0.0000181 	        27754.0563621 
15 	      7.000 	            0.0002585 	            0.0000180 	        27755.7494052 
16 	      7.500 	            0.0002765 	            0.0000180 	        27757.2168764 
17 	      8.000 	            0.0002945 	            0.0000180 	        27758.5010409 
18 	      8.500 	            0.0003125 	            0.0000180 	        27759.6342260 
19 	      9.000 	            0.0003305 	            0.0000180 	        27760.6415793 
20 	      9.500 	            0.0003485 	            0.0000180 	        27761.5429573 
21 	     10.000 	            0.0003665 	            0.0000180 	        27762.3542476 
22 	     10.500 	            0.0003845 	            0.0000180 	        27763.0883131 
23 	     11.000 	            0.0004025 	            0.0000180 	        27763.7556790 
24 	     11.500 	            0.0004204 	            0.0000180 	        27764.3650410 
25 	     12.000 	            0.0004384 	            0.0000180 	        27764.9236465 
26 	     12.500 	            0.0004566 	            0.0000181 	        27759.2715967 
27 	     13.000 	            0.0004746 	            0.0000180 	        27759.9829169 
28 	     13.500 	            0.0004926 	            0.0000180 	        27760.6415793 
29 	     14.000 	            0.0005106 	            0.0000180 	        27761.2532223 
30 	     14.500 	            0.0005286 	            0.0000180 	        27761.8227073 
31 	     15.000 	            0.0005466 	            0.0000180 	        27762.3542476 
32 	     15.500 	            0.0005646 	            0.0000180 	        27762.8515135 
33 	     16.000 	            0.0005826 	            0.0000180 	        27763.3177165 
34 	     16.500 	            0.0006006 	            0.0000180 	        27763.7556790 
35 	     17.000 	            0.0006186 	            0.0000180 	        27764.1678916 
36 	     17.500 	            0.0006366 	            0.0000181 	        27760.1522843 
37 	     18.000 	            0.0006547 	            0.0000180 	        27760.6415793 
38 	     18.500 	            0.0006727 	            0.0000180 	        27761.1044418 
39 	     19.000 	            0.0006907 	            0.0000180 	        27761.5429573 
40 	     19.500 	            0.0007087 	            0.0000180 	        27761.9589977 
41 	     20.000 	            0.0007267 	            0.0000180 	        27762.3542476 
42 	     20.500 	            0.0007447 	            0.0000180 	        27762.7302275 
43 	     21.000 	            0.0007627 	            0.0000180 	        27763.0883131 
44 	     21.500 	            0.0007806 	            0.0000180 	        27763.4297521 
45 	     22.000 	            0.0007987 	            0.0000181 	        27760.2523659 
46 	     22.500 	            0.0008166 	            0.0000179 	        27764.0671273 
47 	     23.000 	            0.0008347 	            0.0000181 	        27761.0138805 
48 	     23.500 	            0.0008527 	            0.0000180 	        27761.3703485 
49 	     24.000 	            0.0008707 	            0.0000180 	        27761.7119722 
50 	     24.500 	            0.0008888 	            0.0000180 	        27762.0396601 
51 	     25.000 	            0.0009068 	            0.0000180 	        27762.3542476 
52 	     25.500 	            0.0009248 	            0.0000180 	        27762.6565052 
53 	     26.000 	            0.0009428 	            0.0000180 	        27762.9471436 
54 	     26.500 	            0.0009608 	            0.0000180 	        27763.2268203 
55 	     27.000 	            0.0009788 	            0.0000180 	        27763.4961440 
56 	     27.500 	            0.0009969 	            0.0000181 	        27760.9529578 
57 	     28.000 	            0.0010148 	            0.0000179 	        27764.0059494 
58 	     28.500 	            0.0010329 	            0.0000181 	        27761.5429573 
59 	     29.000 	            0.0010508 	            0.0000180 	        27761.8227073 
60 	     29.500 	            0.0010689 	            0.0000180 	        27762.0929795 
61 	     30.000 	            0.0010868 	            0.0000180 	        27762.3542476 
62 	     30.500 	            0.0011049 	            0.0000180 	        27762.6069543 
63 	     31.000 	            0.0011228 	            0.0000180 	        27762.8515135 
64 	     31.500 	            0.0011409 	            0.0000180 	        27763.0883131 
65 	     32.000 	            0.0011590 	            0.0000181 	        27760.9091698 
66 	     32.500 	            0.0011769 	            0.0000180 	        27761.1685316 
67 	     33.000 	            0.0011948 	            0.0000179 	        27763.7556790 
68 	     33.500 	            0.0012129 	            0.0000181 	        27761.6640424 
69 	     34.000 	            0.0012310 	            0.0000180 	        27761.9008737 
70 	     34.500 	            0.0012489 	            0.0000180 	        27762.1308441 
71 	     35.000 	            0.0012669 	            0.0000180 	        27762.3542476 
72 	     35.500 	            0.0012849 	            0.0000180 	        27762.5713615 
73 	     36.000 	            0.0013029 	            0.0000180 	        27762.7824478 
74 	     36.500 	            0.0013209 	            0.0000180 	        27762.9877539 
75 	     37.000 	            0.0013389 	            0.0000180 	        27763.1875141 
76 	     37.500 	            0.0013570 	            0.0000181 	        27761.3266213 
77 	     38.000 	            0.0013750 	            0.0000179 	        27763.5712720 
78 	     38.500 	            0.0013930 	            0.0000181 	        27761.7536775 
79 	     39.000 	            0.0014111 	            0.0000180 	        27761.9589977 
80 	     39.500 	            0.0014290 	            0.0000180 	        27762.1591229 
81 	     40.000 	            0.0014471 	            0.0000180 	        27762.3542476 
82 	     40.500 	            0.0014650 	            0.0000180 	        27762.5445572 
83 	     41.000 	            0.0014831 	            0.0000180 	        27762.7302275 
84 	     41.500 	            0.0015010 	            0.0000180 	        27762.9114263 
85 	     42.000 	            0.0015191 	            0.0000180 	        27763.0883131 
86 	     42.500 	            0.0015372 	            0.0000181 	        27761.4475145 
87 	     43.000 	            0.0015551 	            0.0000179 	        27763.4297521 
88 	     43.500 	            0.0015732 	            0.0000181 	        27761.8227073 
89 	     44.000 	            0.0015911 	            0.0000179 	        27763.7556790 
90 	     44.500 	            0.0016092 	            0.0000181 	        27762.1810469 
91 	     45.000 	            0.0016271 	            0.0000180 	        27762.3542476 
92 	     45.500 	            0.0016452 	            0.0000180 	        27762.5236439 
93 	     46.000 	            0.0016631 	            0.0000180 	        27762.6893596 
94 	     46.500 	            0.0016813 	            0.0000181 	        27761.1940299 
95 	     47.000 	            0.0016991 	            0.0000179 	        27763.0102192 
96 	     47.500 	            0.0017173 	            0.0000181 	        27761.5429573 
97 	     48.000 	            0.0017352 	            0.0000180 	        27761.7119722 
98 	     48.500 	            0.0017533 	            0.0000180 	        27761.8775043 
99 	     49.000 	            0.0017711 	            0.0000179 	        27763.6126693 
100 	     49.500 	            0.0017893 	            0.0000181 	        27762.1985418 
101 	     50.000 	            0.0018072 	            0.0000180 	        27762.3542476 
102 	     50.500 	            0.0018253 	            0.0000180 	        27762.5068719 
103 	     51.000 	            0.0018432 	            0.0000180 	        27762.6565052 
104 	     51.500 	            0.0018613 	            0.0000180 	        27762.8032345 
105 	     52.000 	            0.0018792 	            0.0000180 	        27762.9471436 
106 	     52.500 	            0.0018973 	            0.0000180 	        27763.0883131 
107 	     53.000 	            0.0019152 	            0.0000180 	        27763.2268203 
108 	     53.500 	            0.0019333 	            0.0000181 	        27761.9220591 
109 	     54.000 	            0.0019514 	            0.0000180 	        27762.0687882 
110 	     54.500 	            0.0019693 	            0.0000180 	        27762.2128267 
111 	     55.000 	            0.0019873 	            0.0000180 	        27762.3542476 
112 	     55.500 	            0.0020053 	            0.0000180 	        27762.4931219 
113 	     56.000 	            0.0020234 	            0.0000180 	        27762.6295176 
114 	     56.500 	            0.0020415 	            0.0000181 	        27761.3993711 
115 	     57.000 	            0.0020593 	            0.0000179 	        27762.8951342 
116 	     57.500 	            0.0020773 	            0.0000180 	        27763.0244797 
117 	     58.000 	            0.0020954 	            0.0000180 	        27763.1515964 
118 	     58.500 	            0.0021133 	            0.0000180 	        27763.2765412 
119 	     59.000 	            0.0021315 	            0.0000181 	        27762.0929795 
120 	     59.500 	            0.0021494 	            0.0000180 	        27762.2247107 
121 	     60.000 	            0.0021674 	            0.0000179 	        27763.6388876 
122 	     60.500 	            0.0021855 	            0.0000181 	        27762.4816446 
123 	     61.000 	            0.0022035 	            0.0000180 	        27762.6069543 
124 	     61.500 	            0.0022214 	            0.0000180 	        27762.7302275 
125 	     62.000 	            0.0022395 	            0.0000180 	        27762.8515135 
126 	     62.500 	            0.0022575 	            0.0000180 	        27762.9708600 
127 	     63.000 	            0.0022755 	            0.0000180 	        27763.0883131 
128 	     63.500 	            0.0022936 	            0.0000181 	        27761.9901194 
129 	     64.000 	            0.0023115 	            0.0000180 	        27762.1133909 
130 	     64.500 	            0.0023295 	            0.0000179 	        27763.4297521 
131 	     65.000 	            0.0023475 	            0.0000180 	        27763.5400649 
132 	     65.500 	            0.0023656 	            0.0000181 	        27762.4719196 
133 	     66.000 	            0.0023835 	            0.0000180 	        27762.5878097 
134 	     66.500 	            0.0024015 	            0.0000180 	        27762.7019580 
135 	     67.000 	            0.0024196 	            0.0000180 	        27762.8144035 
136 	     67.500 	            0.0024376 	            0.0000180 	        27762.9251841 
137 	     68.000 	            0.0024555 	            0.0000180 	        27763.0343363 
138 	     68.500 	            0.0024735 	            0.0000180 	        27763.1418960 
139 	     69.000 	            0.0024915 	            0.0000180 	        27763.2478976 
140 	     69.500 	            0.0025096 	            0.0000181 	        27762.2433490 
141 	     70.000 	            0.0025275 	            0.0000179 	        27763.4553603 
142 	     70.500 	            0.0025456 	            0.0000181 	        27762.4635741 
143 	     71.000 	            0.0025636 	            0.0000180 	        27762.5713615 
144 	     71.500 	            0.0025817 	            0.0000180 	        27762.6776423 
145 	     72.000 	            0.0025997 	            0.0000180 	        27762.7824478 
146 	     72.500 	            0.0026177 	            0.0000180 	        27762.8858084 
147 	     73.000 	            0.0026356 	            0.0000180 	        27762.9877539 
148 	     73.500 	            0.0026537 	            0.0000180 	        27763.0883131 
149 	     74.000 	            0.0026717 	            0.0000180 	        27763.1875141 
150 	     74.500 	            0.0026897 	            0.0000180 	        27763.2853842 
151 	     75.000 	            0.0027076 	            0.0000180 	        27763.3819501 
152 	     75.500 	            0.0027257 	            0.0000180 	        27763.4772376 
153 	     76.000 	            0.0027437 	            0.0000181 	        27762.5570776 
154 	     76.500 	            0.0027617 	            0.0000179 	        27763.6640778 
155 	     77.000 	            0.0027798 	            0.0000181 	        27762.7546421 
156 	     77.500 	            0.0027977 	            0.0000179 	        27763.8460987 
157 	     78.000 	            0.0028157 	            0.0000180 	        27763.9353599 
158 	     78.500 	            0.0028338 	            0.0000181 	        27763.0415561 
159 	     79.000 	            0.0028518 	            0.0000180 	        27763.1347742 
160 	     79.500 	            0.0028697 	            0.0000180 	        27763.2268203 
161 	     80.000 	            0.0028877 	            0.0000180 	        27763.3177165 
162 	     80.500 	            0.0029058 	            0.0000180 	        27763.4074840 
163 	     81.000 	            0.0029238 	            0.0000180 	        27763.4961440 
164 	     81.500 	            0.0029417 	            0.0000180 	        27763.5837166 
165 	     82.000 	            0.0029597 	            0.0000180 	        27763.6702218 
166 	     82.500 	            0.0029778 	            0.0000181 	        27762.8213757 
167 	     83.000 	            0.0029958 	            0.0000179 	        27763.8401070 
168 	     83.500 	            0.0030139 	            0.0000181 	        27763.0003990 
169 	     84.000 	            0.0030318 	            0.0000180 	        27763.0883131 
170 	     84.500 	            0.0030498 	            0.0000180 	        27763.1751873 
171 	     85.000 	            0.0030679 	            0.0000180 	        27763.2610400 
172 	     85.500 	            0.0030860 	            0.0000181 	        27762.4443939 
173 	     86.000 	            0.0031039 	            0.0000179 	        27763.4297521 
174 	     86.500 	            0.0031218 	            0.0000180 	        27763.5126460 
175 	     87.000 	            0.0031399 	            0.0000180 	        27763.5945877 
176 	     87.500 	            0.0031579 	            0.0000180 	        27763.6755933 
177 	     88.000 	            0.0031760 	            0.0000181 	        27762.8797678 
178 	     88.500 	            0.0031940 	            0.0000180 	        27762.9638925 
179 	     89.000 	            0.0032119 	            0.0000180 	        27763.0470724 
180 	     89.500 	            0.0032299 	            0.0000180 	        27763.1293234 
181 	     90.000 	            0.0032480 	            0.0000180 	        27763.2106611 
182 	     90.500 	            0.0032660 	            0.0000180 	        27763.2911004 
183 	     91.000 	            0.0032839 	            0.0000180 	        27763.3706563 
184 	     91.500 	            0.0033019 	            0.0000180 	        27763.4493431 
185 	     92.000 	            0.0033200 	            0.0000180 	        27763.5271751 
186 	     92.500 	            0.0033380 	            0.0000180 	        27763.6041660 
187 	     93.000 	            0.0033561 	            0.0000181 	        27762.8515135 
188 	     93.500 	            0.0033740 	            0.0000180 	        27762.9312905 
189 	     94.000 	            0.0033920 	            0.0000180 	        27763.0102192 
190 	     94.500 	            0.0034100 	            0.0000180 	        27763.0883131 
191 	     95.000 	            0.0034281 	            0.0000180 	        27763.1655854 
192 	     95.500 	            0.0034460 	            0.0000180 	        27763.2420490 
193 	     96.000 	            0.0034640 	            0.0000180 	        27763.3177165 
194 	     96.500 	            0.0034820 	            0.0000180 	        27763.3926003 
195 	     97.000 	            0.0035001 	            0.0000180 	        27763.4667125 
196 	     97.500 	            0.0035180 	            0.0000180 	        27763.5400649 
197 	     98.000 	            0.0035360 	            0.0000180 	        27763.6126693 
198 	     98.500 	            0.0035541 	            0.0000181 	        27762.9019984 
199 	     99.000 	            0.0035722 	            0.0000180 	        27762.9770885 
200 	     99.500 	            0.0035902 	            0.0000180 	        27763.0514244 
201 	    100.000 	            0.0036082 	            0.0000180 	        27763.1250174 
202 	    100.500 	            0.0036263 	            0.0000181 	        27762.4309392 
203 	    101.000 	            0.0036442 	            0.0000180 	        27762.5068719 
204 	    101.500 	            0.0036622 	            0.0000180 	        27762.5820569 
205 	    102.000 	            0.0036802 	            0.0000180 	        27762.6565052 
206 	    102.500 	            0.0036983 	            0.0000180 	        27762.7302275 
207 	    103.000 	            0.0037162 	            0.0000180 	        27762.8032345 
208 	    103.500 	            0.0037342 	            0.0000180 	        27762.8755365 
209 	    104.000 	            0.0037522 	            0.0000180 	        27762.9471436 
210 	    104.500 	            0.0037703 	            0.0000180 	        27763.0180659 
211 	    105.000 	            0.0037882 	            0.0000180 	        27763.0883131 
212 	    105.500 	            0.0038062 	            0.0000180 	        27763.1578947 
213 	    106.000 	            0.0038243 	            0.0000181 	        27762.4996726 
214 	    106.500 	            0.0038424 	            0.0000180 	        27762.5713615 
215 	    107.000 	            0.0038604 	            0.0000180 	        27762.6423808 
216 	    107.500 	            0.0038784 	            0.0000180 	        27762.7127399 
217 	    108.000 	            0.0038963 	            0.0000180 	        27762.7824478 
218 	    108.500 	            0.0039144 	            0.0000180 	        27762.8515135 
219 	    109.000 	            0.0039325 	            0.0000181 	        27762.2128267 
220 	    109.500 	            0.0039504 	            0.0000179 	        27762.9877539 
221 	    110.000 	            0.0039685 	            0.0000181 	        27762.3542476 
222 	    110.500 	            0.0039864 	            0.0000180 	        27762.4239988 
223 	    111.000 	            0.0040044 	            0.0000180 	        27762.4931219 
224 	    111.500 	            0.0040225 	            0.0000180 	        27762.5616254 
225 	    112.000 	            0.0040405 	            0.0000180 	        27762.6295176 
226 	    112.500 	            0.0040585 	            0.0000181 	        27762.0116971 
227 	    113.000 	            0.0040765 	            0.0000179 	        27762.7635006 
228 	    113.500 	            0.0040944 	            0.0000180 	        27762.8296072 
229 	    114.000 	            0.0041125 	            0.0000181 	        27762.2190293 
230 	    114.500 	            0.0041304 	            0.0000179 	        27762.9600892 
231 	    115.000 	            0.0041485 	            0.0000181 	        27762.3542476 
232 	    115.500 	            0.0041665 	            0.0000180 	        27762.4209793 
233 	    116.000 	            0.0041846 	            0.0000180 	        27762.4871359 
234 	    116.500 	            0.0042025 	            0.0000180 	        27762.5527250 
235 	    117.000 	            0.0042205 	            0.0000180 	        27762.6177538 
236 	    117.500 	            0.0042387 	            0.0000181 	        27762.0262735 
237 	    118.000 	            0.0042568 	            0.0000181 	        27761.4398306 
238 	    118.500 	            0.0042746 	            0.0000179 	        27762.1591229 
239 	    119.000 	            0.0042927 	            0.0000180 	        27762.2247107 
240 	    119.500 	            0.0043107 	            0.0000180 	        27762.2897500 
241 	    120.000 	            0.0043288 	            0.0000181 	        27761.7119722 
242 	    120.500 	            0.0043467 	            0.0000180 	        27761.7785969 
243 	    121.000 	            0.0043646 	            0.0000179 	        27762.4816446 
244 	    121.500 	            0.0043827 	            0.0000181 	        27761.9102022 
245 	    122.000 	            0.0044008 	            0.0000180 	        27761.9751963 
246 	    122.500 	            0.0044187 	            0.0000180 	        27762.0396601 
247 	    123.000 	            0.0044367 	            0.0000179 	        27762.7302275 
248 	    123.500 	            0.0044548 	            0.0000182 	        27761.5429573 
249 	    124.000 	            0.0044729 	            0.0000180 	        27761.6083822 
250 	    124.500 	            0.0044910 	            0.0000181 	        27761.0542511 
251 	    125.000 	            0.0045089 	            0.0000179 	        27761.7376627 
252 	    125.500 	            0.0045269 	            0.0000180 	        27761.8015308 
253 	    126.000 	            0.0045450 	            0.0000181 	        27761.2532223 
254 	    126.500 	            0.0045629 	            0.0000179 	        27761.9277531 
255 	    127.000 	            0.0045809 	            0.0000180 	        27761.9901194 
256 	    127.500 	            0.0045990 	            0.0000181 	        27761.4475145 
257 	    128.000 	            0.0046169 	            0.0000179 	        27762.1133909 
258 	    128.500 	            0.0046350 	            0.0000181 	        27761.5745242 
259 	    129.000 	            0.0046531 	            0.0000181 	        27761.0398554 
260 	    129.500 	            0.0046710 	            0.0000179 	        27761.6995734 
261 	    130.000 	            0.0046891 	            0.0000181 	        27761.1685316 
262 	    130.500 	            0.0047070 	            0.0000180 	        27761.2321307 
263 	    131.000 	            0.0047252 	            0.0000181 	        27760.7069444 
264 	    131.500 	            0.0047431 	            0.0000179 	        27761.3578787 
265 	    132.000 	            0.0047610 	            0.0000180 	        27761.4200387 
266 	    132.500 	            0.0047791 	            0.0000181 	        27760.9000817 
267 	    133.000 	            0.0047972 	            0.0000181 	        27760.3840534 
268 	    133.500 	            0.0048150 	            0.0000178 	        27761.6037265 
269 	    134.000 	            0.0048331 	            0.0000181 	        27761.0888976 
270 	    134.500 	            0.0048512 	            0.0000181 	        27760.5779154 
271 	    135.000 	            0.0048692 	            0.0000179 	        27761.2124452 
272 	    135.500 	            0.0048871 	            0.0000180 	        27761.2735356 
273 	    136.000 	            0.0049052 	            0.0000181 	        27760.7675036 
274 	    136.500 	            0.0049233 	            0.0000180 	        27760.8297743 
275 	    137.000 	            0.0049414 	            0.0000181 	        27760.3290713 
276 	    137.500 	            0.0049593 	            0.0000180 	        27760.3924815 
277 	    138.000 	            0.0049774 	            0.0000180 	        27760.4554324 
278 	      0.000 	            0.0049952 	            0.0000179 	            0.0000000 
