# Zc 	 Nc 	 t0 (s) 	 elapsed time (s) 	 F (Hz) 
1 	      0.000 	            0.0000089 	            0.0000000 	            0.0000000 
2 	      0.500 	            0.0000268 	            0.0000179 	        27954.0546089 
3 	      1.000 	            0.0000447 	            0.0000179 	        27927.0760824 
4 	      1.500 	            0.0000626 	            0.0000179 	        27928.8807890 
5 	      2.000 	            0.0000804 	            0.0000179 	        27939.4645248 
6 	      2.500 	            0.0000984 	            0.0000179 	        27926.2721515 
7 	      3.000 	            0.0001163 	            0.0000179 	        27930.5569787 
8 	      3.500 	            0.0001342 	            0.0000179 	        27923.5662396 
9 	      4.000 	            0.0001521 	            0.0000179 	        27926.6978834 
10 	      4.500 	            0.0001700 	            0.0000179 	        27923.0891007 
11 	      5.000 	            0.0001879 	            0.0000179 	        27924.4947099 
12 	      5.500 	            0.0002058 	            0.0000179 	        27925.4172182 
13 	      6.000 	            0.0002237 	            0.0000179 	        27928.1102262 
14 	      6.500 	            0.0002416 	            0.0000179 	        27926.2613008 
15 	      7.000 	            0.0002595 	            0.0000179 	        27930.0860609 
16 	      7.500 	            0.0002774 	            0.0000179 	        27927.1639564 
17 	      8.000 	            0.0002953 	            0.0000179 	        27927.7043522 
18 	      8.500 	            0.0003132 	            0.0000179 	        27926.5851657 
19 	      9.000 	            0.0003311 	            0.0000179 	        27926.5063511 
20 	      9.500 	            0.0003490 	            0.0000179 	        27927.2062701 
21 	     10.000 	            0.0003669 	            0.0000179 	        27927.2586850 
22 	     10.500 	            0.0003849 	            0.0000179 	        27926.3310294 
23 	     11.000 	            0.0004028 	            0.0000179 	        27926.7595285 
24 	     11.500 	            0.0004207 	            0.0000179 	        27925.7650722 
25 	     12.000 	            0.0004385 	            0.0000179 	        27927.9061802 
26 	     12.500 	            0.0004565 	            0.0000179 	        27926.6557294 
27 	     13.000 	            0.0004743 	            0.0000179 	        27928.1032946 
28 	     13.500 	            0.0004923 	            0.0000179 	        27927.2970640 
29 	     14.000 	            0.0005102 	            0.0000179 	        27925.9821153 
30 	     14.500 	            0.0005281 	            0.0000179 	        27927.2100919 
31 	     15.000 	            0.0005460 	            0.0000179 	        27926.8518235 
32 	     15.500 	            0.0005639 	            0.0000179 	        27925.8912957 
33 	     16.000 	            0.0005818 	            0.0000179 	        27926.3151332 
34 	     16.500 	            0.0005997 	            0.0000179 	        27926.4341937 
35 	     17.000 	            0.0006176 	            0.0000179 	        27926.5495269 
36 	     17.500 	            0.0006355 	            0.0000179 	        27926.0440020 
37 	     18.000 	            0.0006534 	            0.0000179 	        27925.7522644 
38 	     18.500 	            0.0006713 	            0.0000179 	        27926.4414822 
39 	     19.000 	            0.0006892 	            0.0000179 	        27925.7380167 
40 	     19.500 	            0.0007071 	            0.0000179 	        27925.6027941 
41 	     20.000 	            0.0007251 	            0.0000179 	        27925.6263663 
42 	     20.500 	            0.0007430 	            0.0000179 	        27924.4340402 
43 	     21.000 	            0.0007608 	            0.0000178 	        27927.2779886 
44 	     21.500 	            0.0007788 	            0.0000180 	        27925.1332588 
45 	     22.000 	            0.0007967 	            0.0000179 	        27926.1061740 
46 	     22.500 	            0.0008146 	            0.0000179 	        27925.0625648 
47 	     23.000 	            0.0008325 	            0.0000179 	        27925.1679223 
48 	     23.500 	            0.0008504 	            0.0000179 	        27925.3789617 
49 	     24.000 	            0.0008683 	            0.0000179 	        27925.8203088 
50 	     24.500 	            0.0008862 	            0.0000179 	        27925.2329024 
51 	     25.000 	            0.0009041 	            0.0000179 	        27924.7490273 
52 	     25.500 	            0.0009220 	            0.0000179 	        27925.4816953 
53 	     26.000 	            0.0009399 	            0.0000179 	        27924.7381594 
54 	     26.500 	            0.0009578 	            0.0000179 	        27925.2883872 
55 	     27.000 	            0.0009757 	            0.0000179 	        27925.9621333 
56 	     27.500 	            0.0009936 	            0.0000179 	        27925.6443081 
57 	     28.000 	            0.0010115 	            0.0000179 	        27925.7829397 
58 	     28.500 	            0.0010295 	            0.0000179 	        27924.9427518 
59 	     29.000 	            0.0010474 	            0.0000179 	        27924.7306167 
60 	     29.500 	            0.0010653 	            0.0000179 	        27924.5599528 
61 	     30.000 	            0.0010831 	            0.0000179 	        27925.5685932 
62 	     30.500 	            0.0011011 	            0.0000179 	        27925.3875604 
63 	     31.000 	            0.0011190 	            0.0000179 	        27925.3559033 
64 	     31.500 	            0.0011369 	            0.0000179 	        27924.4367428 
65 	     32.000 	            0.0011548 	            0.0000179 	        27924.9621657 
66 	     32.500 	            0.0011727 	            0.0000179 	        27925.4212427 
67 	     33.000 	            0.0011906 	            0.0000179 	        27924.6755997 
68 	     33.500 	            0.0012085 	            0.0000179 	        27925.4382314 
69 	     34.000 	            0.0012264 	            0.0000179 	        27925.0659935 
70 	     34.500 	            0.0012443 	            0.0000179 	        27924.9545847 
71 	     35.000 	            0.0012622 	            0.0000179 	        27925.0420143 
72 	     35.500 	            0.0012802 	            0.0000180 	        27923.9575016 
73 	     36.000 	            0.0012981 	            0.0000179 	        27924.5264728 
74 	     36.500 	            0.0013159 	            0.0000179 	        27925.0806644 
75 	     37.000 	            0.0013339 	            0.0000179 	        27924.5726268 
76 	     37.500 	            0.0013517 	            0.0000179 	        27925.0362722 
77 	     38.000 	            0.0013697 	            0.0000179 	        27924.4932313 
78 	     38.500 	            0.0013876 	            0.0000179 	        27925.0603169 
79 	     39.000 	            0.0014055 	            0.0000179 	        27924.5715346 
80 	     39.500 	            0.0014234 	            0.0000179 	        27924.4846339 
81 	     40.000 	            0.0014413 	            0.0000179 	        27924.1620961 
82 	     40.500 	            0.0014592 	            0.0000179 	        27924.9239939 
83 	     41.000 	            0.0014771 	            0.0000179 	        27924.3496797 
84 	     41.500 	            0.0014950 	            0.0000179 	        27924.1949871 
85 	     42.000 	            0.0015129 	            0.0000179 	        27924.5532484 
86 	     42.500 	            0.0015308 	            0.0000179 	        27924.2193836 
87 	     43.000 	            0.0015488 	            0.0000179 	        27923.9137806 
88 	     43.500 	            0.0015666 	            0.0000179 	        27924.2511713 
89 	     44.000 	            0.0015845 	            0.0000179 	        27924.4357464 
90 	     44.500 	            0.0016024 	            0.0000179 	        27924.6071001 
91 	     45.000 	            0.0016204 	            0.0000179 	        27924.1606657 
92 	     45.500 	            0.0016382 	            0.0000179 	        27924.9432094 
93 	     46.000 	            0.0016562 	            0.0000179 	        27924.6450223 
94 	     46.500 	            0.0016741 	            0.0000179 	        27924.2220630 
95 	     47.000 	            0.0016920 	            0.0000179 	        27924.6696623 
96 	     47.500 	            0.0017099 	            0.0000179 	        27924.0592452 
97 	     48.000 	            0.0017278 	            0.0000179 	        27924.3531295 
98 	     48.500 	            0.0017457 	            0.0000179 	        27924.5068526 
99 	     49.000 	            0.0017636 	            0.0000179 	        27924.2604122 
100 	     49.500 	            0.0017815 	            0.0000179 	        27924.0242667 
101 	     50.000 	            0.0017994 	            0.0000179 	        27924.4588135 
102 	     50.500 	            0.0018173 	            0.0000179 	        27924.4543865 
103 	     51.000 	            0.0018352 	            0.0000179 	        27924.3778628 
104 	     51.500 	            0.0018531 	            0.0000179 	        27924.4589402 
105 	     52.000 	            0.0018710 	            0.0000179 	        27924.7762040 
106 	     52.500 	            0.0018890 	            0.0000180 	        27924.0589512 
107 	     53.000 	            0.0019069 	            0.0000179 	        27924.1641627 
108 	     53.500 	            0.0019247 	            0.0000179 	        27924.4661950 
109 	     54.000 	            0.0019427 	            0.0000179 	        27923.9733069 
110 	     54.500 	            0.0019606 	            0.0000179 	        27924.2412954 
111 	     55.000 	            0.0019785 	            0.0000179 	        27924.6114661 
112 	     55.500 	            0.0019964 	            0.0000179 	        27924.2896484 
113 	     56.000 	            0.0020142 	            0.0000179 	        27925.0470004 
114 	     56.500 	            0.0020322 	            0.0000180 	        27924.4005129 
115 	     57.000 	            0.0020501 	            0.0000179 	        27924.1515143 
116 	     57.500 	            0.0020680 	            0.0000179 	        27924.0129259 
117 	     58.000 	            0.0020859 	            0.0000179 	        27924.3717933 
118 	     58.500 	            0.0021038 	            0.0000179 	        27924.3542194 
119 	     59.000 	            0.0021217 	            0.0000179 	        27924.2654928 
120 	     59.500 	            0.0021396 	            0.0000179 	        27924.6579037 
121 	     60.000 	            0.0021576 	            0.0000180 	        27924.0269713 
122 	     60.500 	            0.0021754 	            0.0000179 	        27924.4743899 
123 	     61.000 	            0.0021933 	            0.0000179 	        27924.6892967 
124 	     61.500 	            0.0022112 	            0.0000179 	        27924.5077751 
125 	     62.000 	            0.0022291 	            0.0000179 	        27924.7434052 
126 	     62.500 	            0.0022471 	            0.0000180 	        27924.0869961 
127 	     63.000 	            0.0022649 	            0.0000179 	        27924.6761523 
128 	     63.500 	            0.0022829 	            0.0000180 	        27923.8560856 
129 	     64.000 	            0.0023008 	            0.0000179 	        27924.0112472 
130 	     64.500 	            0.0023187 	            0.0000179 	        27924.5788108 
131 	     65.000 	            0.0023366 	            0.0000179 	        27924.4302953 
132 	     65.500 	            0.0023544 	            0.0000179 	        27924.8272144 
133 	     66.000 	            0.0023724 	            0.0000179 	        27924.3277598 
134 	     66.500 	            0.0023903 	            0.0000179 	        27924.8331450 
135 	     67.000 	            0.0024082 	            0.0000179 	        27924.5980482 
136 	     67.500 	            0.0024261 	            0.0000179 	        27924.2944512 
137 	     68.000 	            0.0024440 	            0.0000179 	        27924.5299043 
138 	     68.500 	            0.0024619 	            0.0000179 	        27924.8481097 
139 	     69.000 	            0.0024798 	            0.0000179 	        27924.4878237 
140 	     69.500 	            0.0024977 	            0.0000179 	        27924.5654699 
141 	     70.000 	            0.0025156 	            0.0000179 	        27924.7338941 
142 	     70.500 	            0.0025335 	            0.0000179 	        27924.6467469 
143 	     71.000 	            0.0025514 	            0.0000179 	        27924.5459901 
144 	     71.500 	            0.0025693 	            0.0000179 	        27924.7138866 
145 	     72.000 	            0.0025872 	            0.0000179 	        27924.9373511 
146 	     72.500 	            0.0026051 	            0.0000179 	        27925.0773236 
147 	     73.000 	            0.0026230 	            0.0000179 	        27924.6814895 
148 	     73.500 	            0.0026410 	            0.0000179 	        27924.4936918 
149 	     74.000 	            0.0026588 	            0.0000179 	        27924.8666274 
150 	     74.500 	            0.0026768 	            0.0000180 	        27924.1805969 
151 	     75.000 	            0.0026947 	            0.0000179 	        27924.0699256 
152 	     75.500 	            0.0027126 	            0.0000179 	        27924.2189417 
153 	     76.000 	            0.0027305 	            0.0000179 	        27924.4326688 
154 	     76.500 	            0.0027484 	            0.0000179 	        27924.5304344 
155 	     77.000 	            0.0027663 	            0.0000179 	        27924.7681780 
156 	     77.500 	            0.0027842 	            0.0000179 	        27924.8934396 
157 	     78.000 	            0.0028021 	            0.0000179 	        27924.8138343 
158 	     78.500 	            0.0028200 	            0.0000179 	        27924.5339716 
159 	     79.000 	            0.0028379 	            0.0000179 	        27924.5049737 
160 	     79.500 	            0.0028558 	            0.0000179 	        27924.8583337 
161 	     80.000 	            0.0028737 	            0.0000179 	        27924.6204942 
162 	     80.500 	            0.0028917 	            0.0000179 	        27924.2953324 
163 	     81.000 	            0.0029095 	            0.0000178 	        27924.9479372 
164 	     81.500 	            0.0029274 	            0.0000179 	        27924.8306741 
165 	     82.000 	            0.0029453 	            0.0000179 	        27924.6209544 
166 	     82.500 	            0.0029632 	            0.0000179 	        27924.5886027 
167 	     83.000 	            0.0029811 	            0.0000179 	        27924.6964555 
168 	     83.500 	            0.0029991 	            0.0000179 	        27924.5222900 
169 	     84.000 	            0.0030169 	            0.0000179 	        27924.8275979 
170 	     84.500 	            0.0030348 	            0.0000179 	        27925.0579406 
171 	     85.000 	            0.0030528 	            0.0000180 	        27924.4697470 
172 	     85.500 	            0.0030706 	            0.0000178 	        27925.0317263 
173 	     86.000 	            0.0030886 	            0.0000180 	        27924.4886541 
174 	     86.500 	            0.0031065 	            0.0000179 	        27924.7483826 
175 	     87.000 	            0.0031244 	            0.0000180 	        27924.3061687 
176 	     87.500 	            0.0031423 	            0.0000179 	        27924.7236852 
177 	     88.000 	            0.0031602 	            0.0000180 	        27924.3210327 
178 	     88.500 	            0.0031781 	            0.0000179 	        27924.3839024 
179 	     89.000 	            0.0031960 	            0.0000178 	        27925.1315923 
180 	     89.500 	            0.0032139 	            0.0000180 	        27924.7380347 
181 	     90.000 	            0.0032318 	            0.0000179 	        27924.9793400 
182 	     90.500 	            0.0032497 	            0.0000180 	        27924.5049366 
183 	     91.000 	            0.0032676 	            0.0000178 	        27925.1054285 
184 	     91.500 	            0.0032855 	            0.0000179 	        27924.8433386 
185 	     92.000 	            0.0033034 	            0.0000179 	        27924.6150843 
186 	     92.500 	            0.0033213 	            0.0000179 	        27924.8124035 
187 	     93.000 	            0.0033392 	            0.0000179 	        27924.8634968 
188 	     93.500 	            0.0033572 	            0.0000179 	        27924.5603287 
189 	     94.000 	            0.0033750 	            0.0000179 	        27925.0096329 
190 	     94.500 	            0.0033929 	            0.0000179 	        27925.2014538 
191 	     95.000 	            0.0034109 	            0.0000180 	        27924.4644026 
192 	     95.500 	            0.0034288 	            0.0000179 	        27924.6051444 
193 	     96.000 	            0.0034467 	            0.0000179 	        27924.9141731 
194 	     96.500 	            0.0034646 	            0.0000179 	        27924.7628717 
195 	     97.000 	            0.0034825 	            0.0000180 	        27924.3039718 
196 	     97.500 	            0.0035004 	            0.0000178 	        27924.7938935 
197 	     98.000 	            0.0035183 	            0.0000180 	        27924.3755727 
198 	     98.500 	            0.0035363 	            0.0000179 	        27924.3565024 
199 	     99.000 	            0.0035541 	            0.0000178 	        27924.8415706 
200 	     99.500 	            0.0035720 	            0.0000179 	        27924.7877817 
201 	    100.000 	            0.0035899 	            0.0000179 	        27924.8553230 
202 	    100.500 	            0.0036078 	            0.0000179 	        27924.6951812 
203 	    101.000 	            0.0036257 	            0.0000178 	        27925.2307548 
204 	    101.500 	            0.0036437 	            0.0000180 	        27924.5070056 
205 	    102.000 	            0.0036616 	            0.0000179 	        27924.4142340 
206 	    102.500 	            0.0036794 	            0.0000179 	        27924.6981579 
207 	    103.000 	            0.0036974 	            0.0000180 	        27924.1712976 
208 	    103.500 	            0.0037152 	            0.0000178 	        27924.8526249 
209 	    104.000 	            0.0037332 	            0.0000180 	        27924.3185084 
210 	    104.500 	            0.0037511 	            0.0000179 	        27924.2472389 
211 	    105.000 	            0.0037690 	            0.0000179 	        27924.3826309 
212 	    105.500 	            0.0037869 	            0.0000178 	        27924.8965103 
213 	    106.000 	            0.0038048 	            0.0000180 	        27924.3609619 
214 	    106.500 	            0.0038228 	            0.0000179 	        27924.2623886 
215 	    107.000 	            0.0038407 	            0.0000179 	        27924.0255978 
216 	    107.500 	            0.0038585 	            0.0000178 	        27924.4483699 
217 	    108.000 	            0.0038764 	            0.0000179 	        27924.4222501 
218 	    108.500 	            0.0038944 	            0.0000180 	        27923.8668215 
219 	    109.000 	            0.0039123 	            0.0000179 	        27923.9870263 
220 	    109.500 	            0.0039301 	            0.0000178 	        27924.5236567 
221 	    110.000 	            0.0039481 	            0.0000179 	        27924.5239372 
222 	    110.500 	            0.0039660 	            0.0000179 	        27924.2124962 
223 	    111.000 	            0.0039838 	            0.0000178 	        27924.7567185 
224 	    111.500 	            0.0040017 	            0.0000179 	        27924.7062476 
225 	    112.000 	            0.0040198 	            0.0000180 	        27923.9352684 
226 	    112.500 	            0.0040376 	            0.0000179 	        27924.1586132 
227 	    113.000 	            0.0040556 	            0.0000179 	        27923.9643866 
228 	    113.500 	            0.0040735 	            0.0000179 	        27924.0588439 
229 	    114.000 	            0.0040914 	            0.0000180 	        27923.6150341 
230 	    114.500 	            0.0041093 	            0.0000179 	        27923.9769573 
231 	    115.000 	            0.0041272 	            0.0000179 	        27923.9229283 
232 	    115.500 	            0.0041452 	            0.0000180 	        27923.1932194 
233 	    116.000 	            0.0041630 	            0.0000178 	        27923.9303969 
234 	    116.500 	            0.0041810 	            0.0000179 	        27923.6712488 
235 	    117.000 	            0.0041986 	            0.0000177 	        27925.2811082 
236 	    117.500 	            0.0042167 	            0.0000181 	        27923.9361386 
237 	    118.000 	            0.0042347 	            0.0000180 	        27923.2230516 
238 	    118.500 	            0.0042525 	            0.0000178 	        27923.9388970 
239 	    119.000 	            0.0042704 	            0.0000179 	        27923.9557975 
240 	    119.500 	            0.0042883 	            0.0000179 	        27924.0959683 
241 	    120.000 	            0.0043063 	            0.0000180 	        27923.5067371 
242 	    120.500 	            0.0043242 	            0.0000179 	        27923.8233481 
243 	    121.000 	            0.0043421 	            0.0000180 	        27923.4868723 
244 	    121.500 	            0.0043601 	            0.0000179 	        27923.2109156 
245 	    122.000 	            0.0043780 	            0.0000179 	        27923.0828215 
246 	    122.500 	            0.0043958 	            0.0000178 	        27923.7585603 
247 	    123.000 	            0.0044137 	            0.0000179 	        27923.6632413 
248 	    123.500 	            0.0044317 	            0.0000180 	        27923.2069718 
249 	    124.000 	            0.0044496 	            0.0000179 	        27923.4956502 
250 	    124.500 	            0.0044676 	            0.0000180 	        27922.9427165 
251 	    125.000 	            0.0044854 	            0.0000179 	        27923.0902849 
252 	    125.500 	            0.0045034 	            0.0000179 	        27922.9569794 
253 	    126.000 	            0.0045213 	            0.0000180 	        27922.5506216 
254 	    126.500 	            0.0045392 	            0.0000178 	        27923.0753503 
255 	    127.000 	            0.0045571 	            0.0000179 	        27922.9993091 
256 	    127.500 	            0.0045749 	            0.0000178 	        27923.4089054 
257 	    128.000 	            0.0045928 	            0.0000179 	        27923.7245877 
258 	    128.500 	            0.0046107 	            0.0000180 	        27923.3607025 
259 	    129.000 	            0.0046287 	            0.0000180 	        27922.9117542 
260 	    129.500 	            0.0046467 	            0.0000180 	        27922.5022144 
261 	    130.000 	            0.0046647 	            0.0000180 	        27922.0975061 
262 	    130.500 	            0.0046824 	            0.0000178 	        27922.9766202 
263 	    131.000 	            0.0047004 	            0.0000180 	        27922.5683044 
264 	    131.500 	            0.0047183 	            0.0000179 	        27922.4058557 
265 	    132.000 	            0.0047363 	            0.0000179 	        27922.1849102 
266 	    132.500 	            0.0047541 	            0.0000178 	        27922.6577941 
267 	    133.000 	            0.0047720 	            0.0000179 	        27922.5190267 
268 	    133.500 	            0.0047900 	            0.0000179 	        27922.4695690 
269 	    134.000 	            0.0048079 	            0.0000179 	        27922.5192993 
270 	    134.500 	            0.0048257 	            0.0000179 	        27922.7840082 
271 	    135.000 	            0.0048437 	            0.0000180 	        27922.4633064 
272 	    135.500 	            0.0048616 	            0.0000180 	        27922.1161665 
273 	    136.000 	            0.0048794 	            0.0000178 	        27922.7419011 
274 	    136.500 	            0.0048975 	            0.0000180 	        27922.0378551 
275 	    137.000 	            0.0049153 	            0.0000178 	        27922.4140039 
276 	    137.500 	            0.0049332 	            0.0000178 	        27922.8041662 
277 	    138.000 	            0.0049511 	            0.0000180 	        27922.4031122 
278 	    138.500 	            0.0049691 	            0.0000179 	        27922.2559331 
279 	    139.000 	            0.0049871 	            0.0000180 	        27921.7426233 
