# Zc 	 Nc 	 t0 (s) 	 elapsed time (s) 	 F (Hz) 
1 	      0.000 	            0.0000156 	            0.0000000 	            0.0000000 
2 	      0.500 	            0.0000335 	            0.0000179 	        27860.9981912 
3 	      1.000 	            0.0000514 	            0.0000179 	        27909.6612601 
4 	      1.500 	            0.0000693 	            0.0000179 	        27923.6488143 
5 	      2.000 	            0.0000872 	            0.0000179 	        27919.4009585 
6 	      2.500 	            0.0001051 	            0.0000179 	        27921.1430234 
7 	      3.000 	            0.0001230 	            0.0000179 	        27929.7526893 
8 	      3.500 	            0.0001409 	            0.0000179 	        27925.9334069 
9 	      4.000 	            0.0001588 	            0.0000179 	        27920.5439311 
10 	      4.500 	            0.0001767 	            0.0000179 	        27927.2633828 
11 	      5.000 	            0.0001946 	            0.0000179 	        27926.6542450 
12 	      5.500 	            0.0002125 	            0.0000179 	        27925.2107517 
13 	      6.000 	            0.0002305 	            0.0000179 	        27923.0167642 
14 	      6.500 	            0.0002483 	            0.0000179 	        27924.8918269 
15 	      7.000 	            0.0002662 	            0.0000179 	        27926.3501810 
16 	      7.500 	            0.0002842 	            0.0000179 	        27921.8220693 
17 	      8.000 	            0.0003021 	            0.0000179 	        27923.2372839 
18 	      8.500 	            0.0003200 	            0.0000179 	        27923.0411130 
19 	      9.000 	            0.0003379 	            0.0000179 	        27926.2859330 
20 	      9.500 	            0.0003558 	            0.0000179 	        27925.0747078 
21 	     10.000 	            0.0003737 	            0.0000179 	        27923.5465652 
22 	     10.500 	            0.0003916 	            0.0000179 	        27925.3225743 
23 	     11.000 	            0.0004095 	            0.0000179 	        27922.8652515 
24 	     11.500 	            0.0004274 	            0.0000179 	        27925.5382139 
25 	     12.000 	            0.0004453 	            0.0000179 	        27925.4690106 
26 	     12.500 	            0.0004632 	            0.0000179 	        27924.1362794 
27 	     13.000 	            0.0004811 	            0.0000179 	        27925.2030322 
28 	     13.500 	            0.0004990 	            0.0000179 	        27924.2505756 
29 	     14.000 	            0.0005169 	            0.0000179 	        27925.5352760 
30 	     14.500 	            0.0005349 	            0.0000179 	        27923.1716221 
31 	     15.000 	            0.0005527 	            0.0000179 	        27924.8817213 
32 	     15.500 	            0.0005707 	            0.0000179 	        27924.3168678 
33 	     16.000 	            0.0005886 	            0.0000179 	        27923.7377657 
34 	     16.500 	            0.0006065 	            0.0000179 	        27923.7667372 
35 	     17.000 	            0.0006244 	            0.0000179 	        27923.7770197 
36 	     17.500 	            0.0006423 	            0.0000179 	        27924.0297995 
37 	     18.000 	            0.0006602 	            0.0000179 	        27924.3703583 
38 	     18.500 	            0.0006781 	            0.0000179 	        27923.8540085 
39 	     19.000 	            0.0006960 	            0.0000179 	        27923.8165021 
40 	     19.500 	            0.0007139 	            0.0000179 	        27924.1368377 
41 	     20.000 	            0.0007318 	            0.0000179 	        27925.3857180 
42 	     20.500 	            0.0007497 	            0.0000179 	        27923.7042740 
43 	     21.000 	            0.0007676 	            0.0000179 	        27924.9841866 
44 	     21.500 	            0.0007855 	            0.0000179 	        27924.4694723 
45 	     22.000 	            0.0008034 	            0.0000179 	        27924.8650305 
46 	     22.500 	            0.0008213 	            0.0000179 	        27924.1036680 
47 	     23.000 	            0.0008392 	            0.0000179 	        27925.3215568 
48 	     23.500 	            0.0008572 	            0.0000179 	        27923.9439472 
49 	     24.000 	            0.0008751 	            0.0000179 	        27923.6178114 
50 	     24.500 	            0.0008930 	            0.0000179 	        27923.7112596 
51 	     25.000 	            0.0009108 	            0.0000179 	        27924.9769008 
52 	     25.500 	            0.0009288 	            0.0000179 	        27924.2776411 
53 	     26.000 	            0.0009467 	            0.0000179 	        27924.2113011 
54 	     26.500 	            0.0009646 	            0.0000179 	        27923.7769729 
55 	     27.000 	            0.0009825 	            0.0000179 	        27923.8584221 
56 	     27.500 	            0.0010004 	            0.0000179 	        27924.3028145 
57 	     28.000 	            0.0010183 	            0.0000179 	        27924.7273907 
58 	     28.500 	            0.0010362 	            0.0000179 	        27924.0979444 
59 	     29.000 	            0.0010541 	            0.0000179 	        27924.0695304 
60 	     29.500 	            0.0010720 	            0.0000179 	        27924.1679936 
61 	     30.000 	            0.0010899 	            0.0000179 	        27924.4344871 
62 	     30.500 	            0.0011079 	            0.0000179 	        27923.3936142 
63 	     31.000 	            0.0011257 	            0.0000179 	        27923.7090737 
64 	     31.500 	            0.0011436 	            0.0000179 	        27924.6869769 
65 	     32.000 	            0.0011615 	            0.0000179 	        27924.5613165 
66 	     32.500 	            0.0011795 	            0.0000179 	        27923.8397838 
67 	     33.000 	            0.0011974 	            0.0000179 	        27924.0474195 
68 	     33.500 	            0.0012153 	            0.0000179 	        27923.7204364 
69 	     34.000 	            0.0012332 	            0.0000179 	        27923.6808041 
70 	     34.500 	            0.0012511 	            0.0000179 	        27923.6415856 
71 	     35.000 	            0.0012690 	            0.0000179 	        27924.1792044 
72 	     35.500 	            0.0012869 	            0.0000179 	        27924.5471064 
73 	     36.000 	            0.0013048 	            0.0000179 	        27923.8934638 
74 	     36.500 	            0.0013227 	            0.0000179 	        27924.5173516 
75 	     37.000 	            0.0013406 	            0.0000179 	        27924.6739871 
76 	     37.500 	            0.0013585 	            0.0000180 	        27923.7385052 
77 	     38.000 	            0.0013764 	            0.0000179 	        27923.7954575 
78 	     38.500 	            0.0013943 	            0.0000179 	        27923.8670614 
79 	     39.000 	            0.0014122 	            0.0000179 	        27924.4873829 
80 	     39.500 	            0.0014302 	            0.0000179 	        27923.6557291 
81 	     40.000 	            0.0014480 	            0.0000179 	        27924.5053416 
82 	     40.500 	            0.0014660 	            0.0000180 	        27923.4045726 
83 	     41.000 	            0.0014838 	            0.0000179 	        27924.2046487 
84 	     41.500 	            0.0015018 	            0.0000179 	        27923.8782571 
85 	     42.000 	            0.0015197 	            0.0000179 	        27923.3955513 
86 	     42.500 	            0.0015376 	            0.0000179 	        27923.8021062 
87 	     43.000 	            0.0015555 	            0.0000179 	        27924.0934836 
88 	     43.500 	            0.0015734 	            0.0000179 	        27923.9708990 
89 	     44.000 	            0.0015913 	            0.0000179 	        27923.6458499 
90 	     44.500 	            0.0016092 	            0.0000179 	        27923.2969434 
91 	     45.000 	            0.0016271 	            0.0000179 	        27923.9735248 
92 	     45.500 	            0.0016450 	            0.0000179 	        27923.7743115 
93 	     46.000 	            0.0016629 	            0.0000179 	        27924.0047245 
94 	     46.500 	            0.0016808 	            0.0000179 	        27923.8129747 
95 	     47.000 	            0.0016987 	            0.0000179 	        27924.0129544 
96 	     47.500 	            0.0017167 	            0.0000180 	        27923.2730960 
97 	     48.000 	            0.0017346 	            0.0000179 	        27923.2463928 
98 	     48.500 	            0.0017524 	            0.0000179 	        27924.0086771 
99 	     49.000 	            0.0017703 	            0.0000179 	        27924.0079557 
100 	     49.500 	            0.0017883 	            0.0000179 	        27923.7085232 
101 	     50.000 	            0.0018061 	            0.0000179 	        27924.1437935 
102 	     50.500 	            0.0018240 	            0.0000179 	        27924.2083188 
103 	     51.000 	            0.0018420 	            0.0000179 	        27923.8768304 
104 	     51.500 	            0.0018599 	            0.0000179 	        27923.4544376 
105 	     52.000 	            0.0018778 	            0.0000179 	        27923.5806770 
106 	     52.500 	            0.0018957 	            0.0000179 	        27923.6824525 
107 	     53.000 	            0.0019136 	            0.0000179 	        27924.3835698 
108 	     53.500 	            0.0019315 	            0.0000179 	        27924.2499848 
109 	     54.000 	            0.0019494 	            0.0000179 	        27923.9696566 
110 	     54.500 	            0.0019673 	            0.0000179 	        27923.8141570 
111 	     55.000 	            0.0019852 	            0.0000179 	        27923.7020542 
112 	     55.500 	            0.0020031 	            0.0000179 	        27924.0218363 
113 	     56.000 	            0.0020210 	            0.0000179 	        27924.1461571 
114 	     56.500 	            0.0020389 	            0.0000179 	        27923.8313512 
115 	     57.000 	            0.0020569 	            0.0000179 	        27923.7778625 
116 	     57.500 	            0.0020748 	            0.0000179 	        27923.2011140 
117 	     58.000 	            0.0020926 	            0.0000178 	        27924.4809338 
118 	     58.500 	            0.0021106 	            0.0000180 	        27923.6214632 
119 	     59.000 	            0.0021285 	            0.0000179 	        27923.8918441 
120 	     59.500 	            0.0021464 	            0.0000179 	        27923.8172937 
121 	     60.000 	            0.0021642 	            0.0000179 	        27924.3438288 
122 	     60.500 	            0.0021822 	            0.0000179 	        27924.3284794 
123 	     61.000 	            0.0022001 	            0.0000179 	        27924.2339570 
124 	     61.500 	            0.0022180 	            0.0000179 	        27924.1448988 
125 	     62.000 	            0.0022359 	            0.0000179 	        27924.1885268 
126 	     62.500 	            0.0022538 	            0.0000179 	        27924.2237260 
127 	     63.000 	            0.0022717 	            0.0000179 	        27924.0746808 
128 	     63.500 	            0.0022896 	            0.0000179 	        27924.3599598 
129 	     64.000 	            0.0023075 	            0.0000179 	        27924.0897400 
130 	     64.500 	            0.0023254 	            0.0000179 	        27923.7548072 
131 	     65.000 	            0.0023434 	            0.0000179 	        27923.6337046 
132 	     65.500 	            0.0023612 	            0.0000179 	        27923.8851189 
133 	     66.000 	            0.0023791 	            0.0000179 	        27924.4214184 
134 	     66.500 	            0.0023971 	            0.0000179 	        27923.9177744 
135 	     67.000 	            0.0024149 	            0.0000178 	        27924.7548179 
136 	     67.500 	            0.0024328 	            0.0000180 	        27924.1059214 
137 	     68.000 	            0.0024507 	            0.0000179 	        27924.1643055 
138 	     68.500 	            0.0024686 	            0.0000179 	        27924.3362134 
139 	     69.000 	            0.0024865 	            0.0000179 	        27924.4932622 
140 	     69.500 	            0.0025045 	            0.0000179 	        27924.2770994 
141 	     70.000 	            0.0025224 	            0.0000179 	        27924.0520845 
142 	     70.500 	            0.0025403 	            0.0000179 	        27924.2585531 
143 	     71.000 	            0.0025582 	            0.0000179 	        27923.9350186 
144 	     71.500 	            0.0025761 	            0.0000179 	        27923.8840755 
145 	     72.000 	            0.0025940 	            0.0000179 	        27924.3462735 
146 	     72.500 	            0.0026119 	            0.0000179 	        27924.3558554 
147 	     73.000 	            0.0026298 	            0.0000179 	        27924.2339730 
148 	     73.500 	            0.0026477 	            0.0000179 	        27924.6396147 
149 	     74.000 	            0.0026656 	            0.0000179 	        27924.4056186 
150 	     74.500 	            0.0026835 	            0.0000180 	        27923.9081277 
151 	     75.000 	            0.0027014 	            0.0000179 	        27924.1954865 
152 	     75.500 	            0.0027193 	            0.0000179 	        27924.5932599 
153 	     76.000 	            0.0027372 	            0.0000179 	        27924.5072098 
154 	     76.500 	            0.0027551 	            0.0000179 	        27924.5652919 
155 	     77.000 	            0.0027730 	            0.0000179 	        27924.3210180 
156 	     77.500 	            0.0027910 	            0.0000179 	        27923.9952526 
157 	     78.000 	            0.0028088 	            0.0000178 	        27924.6023684 
158 	     78.500 	            0.0028268 	            0.0000179 	        27924.2063260 
159 	     79.000 	            0.0028446 	            0.0000179 	        27924.4998609 
160 	     79.500 	            0.0028626 	            0.0000179 	        27924.2498883 
161 	     80.000 	            0.0028804 	            0.0000179 	        27924.6533333 
162 	     80.500 	            0.0028983 	            0.0000179 	        27924.5458972 
163 	     81.000 	            0.0029162 	            0.0000179 	        27924.6332978 
164 	     81.500 	            0.0029341 	            0.0000179 	        27924.7739503 
165 	     82.000 	            0.0029521 	            0.0000179 	        27924.6324287 
166 	     82.500 	            0.0029700 	            0.0000179 	        27924.7359755 
167 	     83.000 	            0.0029879 	            0.0000180 	        27924.1828045 
168 	     83.500 	            0.0030058 	            0.0000179 	        27924.5927244 
169 	     84.000 	            0.0030237 	            0.0000179 	        27924.4330418 
170 	     84.500 	            0.0030416 	            0.0000179 	        27924.5400462 
171 	     85.000 	            0.0030595 	            0.0000179 	        27924.6109877 
172 	     85.500 	            0.0030774 	            0.0000179 	        27924.8167357 
173 	     86.000 	            0.0030953 	            0.0000179 	        27925.0360835 
174 	     86.500 	            0.0031133 	            0.0000180 	        27923.9588041 
175 	     87.000 	            0.0031311 	            0.0000178 	        27924.7353395 
176 	     87.500 	            0.0031490 	            0.0000179 	        27924.5577634 
177 	     88.000 	            0.0031669 	            0.0000179 	        27924.6614897 
178 	     88.500 	            0.0031849 	            0.0000179 	        27924.3438450 
179 	     89.000 	            0.0032027 	            0.0000179 	        27924.8188385 
180 	     89.500 	            0.0032207 	            0.0000179 	        27924.4760236 
181 	     90.000 	            0.0032386 	            0.0000179 	        27924.3294283 
182 	     90.500 	            0.0032565 	            0.0000179 	        27924.0981097 
183 	     91.000 	            0.0032744 	            0.0000179 	        27924.4016017 
184 	     91.500 	            0.0032923 	            0.0000179 	        27924.4542211 
185 	     92.000 	            0.0033102 	            0.0000179 	        27924.3082906 
186 	     92.500 	            0.0033281 	            0.0000179 	        27924.5994000 
187 	     93.000 	            0.0033460 	            0.0000179 	        27924.6475475 
188 	     93.500 	            0.0033639 	            0.0000179 	        27924.3977272 
189 	     94.000 	            0.0033818 	            0.0000178 	        27924.8741358 
190 	     94.500 	            0.0033997 	            0.0000180 	        27924.4787595 
191 	     95.000 	            0.0034176 	            0.0000179 	        27924.8553949 
192 	     95.500 	            0.0034356 	            0.0000180 	        27924.2301282 
193 	     96.000 	            0.0034534 	            0.0000178 	        27924.8611940 
194 	     96.500 	            0.0034713 	            0.0000180 	        27924.4707974 
195 	     97.000 	            0.0034892 	            0.0000179 	        27924.4557510 
196 	     97.500 	            0.0035072 	            0.0000180 	        27923.9482148 
197 	     98.000 	            0.0035251 	            0.0000178 	        27924.4092669 
198 	     98.500 	            0.0035429 	            0.0000178 	        27924.8640641 
199 	     99.000 	            0.0035609 	            0.0000180 	        27924.4996597 
200 	     99.500 	            0.0035788 	            0.0000179 	        27924.1602634 
201 	    100.000 	            0.0035967 	            0.0000179 	        27924.4069843 
202 	    100.500 	            0.0036145 	            0.0000179 	        27924.7011476 
203 	    101.000 	            0.0036325 	            0.0000180 	        27924.2865876 
204 	    101.500 	            0.0036505 	            0.0000180 	        27923.9213984 
205 	    102.000 	            0.0036683 	            0.0000179 	        27924.0400610 
206 	    102.500 	            0.0036862 	            0.0000178 	        27924.5012617 
207 	    103.000 	            0.0037041 	            0.0000179 	        27924.2648439 
208 	    103.500 	            0.0037221 	            0.0000179 	        27924.0776440 
209 	    104.000 	            0.0037399 	            0.0000179 	        27924.2189482 
210 	    104.500 	            0.0037578 	            0.0000179 	        27924.5477518 
211 	    105.000 	            0.0037757 	            0.0000179 	        27924.3606696 
212 	    105.500 	            0.0037937 	            0.0000179 	        27924.2363547 
213 	    106.000 	            0.0038115 	            0.0000179 	        27924.5933728 
214 	    106.500 	            0.0038295 	            0.0000180 	        27924.0981735 
215 	    107.000 	            0.0038474 	            0.0000179 	        27924.0798329 
216 	    107.500 	            0.0038653 	            0.0000179 	        27924.3550066 
217 	    108.000 	            0.0038832 	            0.0000179 	        27924.1035679 
218 	    108.500 	            0.0039011 	            0.0000179 	        27924.0285581 
219 	    109.000 	            0.0039190 	            0.0000179 	        27924.0149047 
220 	    109.500 	            0.0039369 	            0.0000178 	        27924.4761579 
221 	    110.000 	            0.0039548 	            0.0000179 	        27924.2905657 
222 	    110.500 	            0.0039727 	            0.0000179 	        27924.4322610 
223 	    111.000 	            0.0039906 	            0.0000179 	        27924.1477826 
224 	    111.500 	            0.0040085 	            0.0000179 	        27924.2374925 
225 	    112.000 	            0.0040264 	            0.0000179 	        27924.1341135 
226 	    112.500 	            0.0040444 	            0.0000179 	        27924.0231256 
227 	    113.000 	            0.0040623 	            0.0000179 	        27923.9113602 
228 	    113.500 	            0.0040801 	            0.0000179 	        27924.2812727 
229 	    114.000 	            0.0040981 	            0.0000179 	        27924.2683683 
230 	    114.500 	            0.0041160 	            0.0000180 	        27923.8940438 
231 	    115.000 	            0.0041339 	            0.0000179 	        27924.1756115 
232 	    115.500 	            0.0041519 	            0.0000180 	        27923.3112229 
233 	    116.000 	            0.0041698 	            0.0000178 	        27923.7049829 
234 	    116.500 	            0.0041877 	            0.0000179 	        27923.5248922 
235 	    117.000 	            0.0042056 	            0.0000179 	        27923.4310473 
236 	    117.500 	            0.0042235 	            0.0000179 	        27923.6401791 
237 	    118.000 	            0.0042414 	            0.0000179 	        27923.7618183 
238 	    118.500 	            0.0042593 	            0.0000180 	        27923.4583552 
239 	    119.000 	            0.0042772 	            0.0000179 	        27923.4098533 
240 	    119.500 	            0.0042952 	            0.0000179 	        27923.2369076 
241 	    120.000 	            0.0043131 	            0.0000179 	        27923.3757700 
242 	    120.500 	            0.0043309 	            0.0000178 	        27923.7622002 
243 	    121.000 	            0.0043489 	            0.0000180 	        27923.2618544 
244 	    121.500 	            0.0043667 	            0.0000179 	        27923.5754258 
245 	    122.000 	            0.0043847 	            0.0000179 	        27923.3856951 
246 	    122.500 	            0.0044026 	            0.0000179 	        27923.2325192 
247 	    123.000 	            0.0044205 	            0.0000179 	        27923.1327681 
248 	    123.500 	            0.0044384 	            0.0000179 	        27923.2813695 
249 	    124.000 	            0.0044564 	            0.0000179 	        27923.0911622 
250 	    124.500 	            0.0044743 	            0.0000179 	        27922.8705882 
251 	    125.000 	            0.0044922 	            0.0000179 	        27923.0994779 
252 	    125.500 	            0.0045101 	            0.0000179 	        27923.1373790 
253 	    126.000 	            0.0045280 	            0.0000179 	        27923.2202885 
254 	    126.500 	            0.0045459 	            0.0000179 	        27922.9900234 
255 	    127.000 	            0.0045638 	            0.0000179 	        27922.8817353 
256 	    127.500 	            0.0045816 	            0.0000178 	        27923.4273780 
257 	    128.000 	            0.0045996 	            0.0000180 	        27922.8230476 
258 	    128.500 	            0.0046176 	            0.0000179 	        27922.6634566 
259 	    129.000 	            0.0046355 	            0.0000179 	        27922.8404358 
260 	    129.500 	            0.0046533 	            0.0000178 	        27923.2676122 
261 	    130.000 	            0.0046713 	            0.0000180 	        27922.5713800 
262 	    130.500 	            0.0046892 	            0.0000179 	        27922.8754197 
263 	    131.000 	            0.0047071 	            0.0000180 	        27922.5068969 
264 	    131.500 	            0.0047250 	            0.0000179 	        27922.6926746 
265 	    132.000 	            0.0047429 	            0.0000179 	        27922.5703788 
266 	    132.500 	            0.0047609 	            0.0000179 	        27922.4836397 
267 	    133.000 	            0.0047788 	            0.0000180 	        27922.0155639 
268 	    133.500 	            0.0047967 	            0.0000179 	        27922.1894454 
269 	    134.000 	            0.0048146 	            0.0000179 	        27922.1083642 
270 	    134.500 	            0.0048326 	            0.0000179 	        27922.0432652 
271 	    135.000 	            0.0048505 	            0.0000180 	        27921.7759180 
272 	    135.500 	            0.0048683 	            0.0000178 	        27922.2152828 
273 	    136.000 	            0.0048862 	            0.0000179 	        27922.3178084 
274 	    136.500 	            0.0049042 	            0.0000180 	        27921.9207866 
275 	    137.000 	            0.0049221 	            0.0000179 	        27922.1583436 
276 	    137.500 	            0.0049400 	            0.0000179 	        27922.0880139 
277 	    138.000 	            0.0049579 	            0.0000179 	        27922.1934147 
278 	    138.500 	            0.0049759 	            0.0000180 	        27921.7610810 
279 	    139.000 	            0.0049938 	            0.0000179 	        27921.7998260 
