# Zc 	 Nc 	 t0 (s) 	 elapsed time (s) 	 F (Hz) 
1 	      0.000 	            0.0000089 	            0.0000000 	            0.0000000 
2 	      0.500 	            0.0000268 	            0.0000179 	        27886.7624996 
3 	      1.000 	            0.0000447 	            0.0000179 	        27906.3524504 
4 	      1.500 	            0.0000626 	            0.0000179 	        27924.5061695 
5 	      2.000 	            0.0000805 	            0.0000179 	        27921.3893637 
6 	      2.500 	            0.0000984 	            0.0000179 	        27919.5697182 
7 	      3.000 	            0.0001163 	            0.0000179 	        27921.7508405 
8 	      3.500 	            0.0001342 	            0.0000179 	        27925.7295118 
9 	      4.000 	            0.0001521 	            0.0000179 	        27923.4049362 
10 	      4.500 	            0.0001700 	            0.0000179 	        27923.2459584 
11 	      5.000 	            0.0001879 	            0.0000179 	        27922.8999617 
12 	      5.500 	            0.0002058 	            0.0000179 	        27926.5599507 
13 	      6.000 	            0.0002237 	            0.0000179 	        27924.5493169 
14 	      6.500 	            0.0002416 	            0.0000179 	        27927.3027600 
15 	      7.000 	            0.0002595 	            0.0000179 	        27925.3840006 
16 	      7.500 	            0.0002775 	            0.0000179 	        27924.8384269 
17 	      8.000 	            0.0002954 	            0.0000179 	        27925.1151680 
18 	      8.500 	            0.0003132 	            0.0000179 	        27926.8457136 
19 	      9.000 	            0.0003312 	            0.0000179 	        27924.3279415 
20 	      9.500 	            0.0003491 	            0.0000179 	        27924.7197491 
21 	     10.000 	            0.0003670 	            0.0000179 	        27924.3864161 
22 	     10.500 	            0.0003849 	            0.0000179 	        27924.2363806 
23 	     11.000 	            0.0004028 	            0.0000179 	        27924.9570169 
24 	     11.500 	            0.0004207 	            0.0000179 	        27925.9169011 
25 	     12.000 	            0.0004386 	            0.0000179 	        27924.5920421 
26 	     12.500 	            0.0004565 	            0.0000179 	        27925.4783552 
27 	     13.000 	            0.0004744 	            0.0000179 	        27925.3129869 
28 	     13.500 	            0.0004923 	            0.0000179 	        27926.5151960 
29 	     14.000 	            0.0005102 	            0.0000179 	        27926.2111991 
30 	     14.500 	            0.0005281 	            0.0000179 	        27926.1999239 
31 	     15.000 	            0.0005460 	            0.0000179 	        27925.1175372 
32 	     15.500 	            0.0005639 	            0.0000179 	        27925.5250851 
33 	     16.000 	            0.0005818 	            0.0000179 	        27926.1391758 
34 	     16.500 	            0.0005998 	            0.0000179 	        27924.7403415 
35 	     17.000 	            0.0006177 	            0.0000179 	        27924.6875900 
36 	     17.500 	            0.0006356 	            0.0000179 	        27924.7701233 
37 	     18.000 	            0.0006535 	            0.0000179 	        27924.8257658 
38 	     18.500 	            0.0006714 	            0.0000179 	        27925.0894793 
39 	     19.000 	            0.0006893 	            0.0000179 	        27925.0352912 
40 	     19.500 	            0.0007072 	            0.0000179 	        27924.8222817 
41 	     20.000 	            0.0007251 	            0.0000179 	        27924.0634140 
42 	     20.500 	            0.0007430 	            0.0000179 	        27924.8847635 
43 	     21.000 	            0.0007609 	            0.0000179 	        27924.8207989 
44 	     21.500 	            0.0007788 	            0.0000179 	        27925.2503117 
45 	     22.000 	            0.0007967 	            0.0000179 	        27924.7309289 
46 	     22.500 	            0.0008146 	            0.0000179 	        27924.7884051 
47 	     23.000 	            0.0008325 	            0.0000179 	        27924.5710301 
48 	     23.500 	            0.0008504 	            0.0000179 	        27924.9134219 
49 	     24.000 	            0.0008683 	            0.0000179 	        27924.3657550 
50 	     24.500 	            0.0008862 	            0.0000179 	        27925.0737823 
51 	     25.000 	            0.0009041 	            0.0000179 	        27924.7732469 
52 	     25.500 	            0.0009220 	            0.0000179 	        27925.6717781 
53 	     26.000 	            0.0009400 	            0.0000180 	        27924.2210973 
54 	     26.500 	            0.0009579 	            0.0000179 	        27924.4942971 
55 	     27.000 	            0.0009758 	            0.0000179 	        27924.7680637 
56 	     27.500 	            0.0009937 	            0.0000179 	        27924.6055511 
57 	     28.000 	            0.0010116 	            0.0000179 	        27924.6099717 
58 	     28.500 	            0.0010295 	            0.0000179 	        27924.9441216 
59 	     29.000 	            0.0010474 	            0.0000179 	        27924.7032462 
60 	     29.500 	            0.0010653 	            0.0000179 	        27925.2222518 
61 	     30.000 	            0.0010832 	            0.0000180 	        27924.0118956 
62 	     30.500 	            0.0011011 	            0.0000179 	        27924.9491120 
63 	     31.000 	            0.0011190 	            0.0000179 	        27924.7669635 
64 	     31.500 	            0.0011369 	            0.0000179 	        27925.3851527 
65 	     32.000 	            0.0011548 	            0.0000179 	        27924.5533397 
66 	     32.500 	            0.0011727 	            0.0000179 	        27924.9730311 
67 	     33.000 	            0.0011906 	            0.0000179 	        27924.7573939 
68 	     33.500 	            0.0012085 	            0.0000179 	        27924.4561694 
69 	     34.000 	            0.0012265 	            0.0000179 	        27924.3679037 
70 	     34.500 	            0.0012444 	            0.0000179 	        27924.4035376 
71 	     35.000 	            0.0012623 	            0.0000179 	        27924.1749785 
72 	     35.500 	            0.0012801 	            0.0000179 	        27924.9123307 
73 	     36.000 	            0.0012981 	            0.0000179 	        27924.5041341 
74 	     36.500 	            0.0013160 	            0.0000179 	        27924.5266801 
75 	     37.000 	            0.0013339 	            0.0000179 	        27924.4159836 
76 	     37.500 	            0.0013518 	            0.0000179 	        27924.8305919 
77 	     38.000 	            0.0013697 	            0.0000179 	        27924.3183404 
78 	     38.500 	            0.0013876 	            0.0000179 	        27924.0134434 
79 	     39.000 	            0.0014055 	            0.0000179 	        27924.1230289 
80 	     39.500 	            0.0014234 	            0.0000179 	        27924.0268112 
81 	     40.000 	            0.0014413 	            0.0000179 	        27924.3984117 
82 	     40.500 	            0.0014592 	            0.0000179 	        27924.7182158 
83 	     41.000 	            0.0014771 	            0.0000179 	        27923.9660173 
84 	     41.500 	            0.0014951 	            0.0000179 	        27923.9722113 
85 	     42.000 	            0.0015129 	            0.0000179 	        27924.4231062 
86 	     42.500 	            0.0015309 	            0.0000179 	        27924.0922625 
87 	     43.000 	            0.0015487 	            0.0000179 	        27924.4649677 
88 	     43.500 	            0.0015667 	            0.0000179 	        27924.2823509 
89 	     44.000 	            0.0015846 	            0.0000179 	        27923.8994232 
90 	     44.500 	            0.0016025 	            0.0000179 	        27924.2628876 
91 	     45.000 	            0.0016204 	            0.0000179 	        27924.3854838 
92 	     45.500 	            0.0016383 	            0.0000179 	        27923.8340351 
93 	     46.000 	            0.0016562 	            0.0000179 	        27923.7457739 
94 	     46.500 	            0.0016741 	            0.0000179 	        27923.8995739 
95 	     47.000 	            0.0016920 	            0.0000179 	        27924.2941205 
96 	     47.500 	            0.0017099 	            0.0000179 	        27923.9494395 
97 	     48.000 	            0.0017278 	            0.0000179 	        27923.8925575 
98 	     48.500 	            0.0017457 	            0.0000179 	        27924.2538203 
99 	     49.000 	            0.0017636 	            0.0000179 	        27924.3570555 
100 	     49.500 	            0.0017815 	            0.0000179 	        27924.2265057 
101 	     50.000 	            0.0017994 	            0.0000179 	        27924.4305257 
102 	     50.500 	            0.0018173 	            0.0000179 	        27924.3761666 
103 	     51.000 	            0.0018353 	            0.0000179 	        27923.9718770 
104 	     51.500 	            0.0018532 	            0.0000179 	        27923.9798682 
105 	     52.000 	            0.0018711 	            0.0000179 	        27924.1427345 
106 	     52.500 	            0.0018890 	            0.0000179 	        27924.2830571 
107 	     53.000 	            0.0019069 	            0.0000179 	        27923.8734831 
108 	     53.500 	            0.0019248 	            0.0000179 	        27924.2023823 
109 	     54.000 	            0.0019427 	            0.0000179 	        27924.1962148 
110 	     54.500 	            0.0019606 	            0.0000179 	        27923.9006580 
111 	     55.000 	            0.0019785 	            0.0000179 	        27924.3703165 
112 	     55.500 	            0.0019964 	            0.0000179 	        27924.0441323 
113 	     56.000 	            0.0020143 	            0.0000178 	        27924.9213401 
114 	     56.500 	            0.0020322 	            0.0000180 	        27924.2162536 
115 	     57.000 	            0.0020502 	            0.0000179 	        27923.6796095 
116 	     57.500 	            0.0020680 	            0.0000178 	        27924.6024529 
117 	     58.000 	            0.0020859 	            0.0000180 	        27923.9888968 
118 	     58.500 	            0.0021038 	            0.0000179 	        27924.1214367 
119 	     59.000 	            0.0021217 	            0.0000179 	        27924.1061064 
120 	     59.500 	            0.0021396 	            0.0000179 	        27924.5036614 
121 	     60.000 	            0.0021576 	            0.0000179 	        27924.1009726 
122 	     60.500 	            0.0021755 	            0.0000179 	        27924.2393999 
123 	     61.000 	            0.0021933 	            0.0000179 	        27924.3735946 
124 	     61.500 	            0.0022113 	            0.0000179 	        27924.4050802 
125 	     62.000 	            0.0022292 	            0.0000179 	        27923.9901430 
126 	     62.500 	            0.0022471 	            0.0000179 	        27924.4480378 
127 	     63.000 	            0.0022650 	            0.0000179 	        27924.0646194 
128 	     63.500 	            0.0022829 	            0.0000179 	        27924.3304644 
129 	     64.000 	            0.0023008 	            0.0000179 	        27924.1385666 
130 	     64.500 	            0.0023187 	            0.0000179 	        27924.2535663 
131 	     65.000 	            0.0023366 	            0.0000179 	        27924.3815917 
132 	     65.500 	            0.0023545 	            0.0000179 	        27924.3931761 
133 	     66.000 	            0.0023724 	            0.0000179 	        27924.3326110 
134 	     66.500 	            0.0023903 	            0.0000179 	        27924.1202506 
135 	     67.000 	            0.0024082 	            0.0000179 	        27924.3909299 
136 	     67.500 	            0.0024261 	            0.0000179 	        27924.2274017 
137 	     68.000 	            0.0024440 	            0.0000179 	        27924.2726807 
138 	     68.500 	            0.0024619 	            0.0000179 	        27924.2882713 
139 	     69.000 	            0.0024799 	            0.0000179 	        27924.0049990 
140 	     69.500 	            0.0024978 	            0.0000179 	        27924.1828988 
141 	     70.000 	            0.0025157 	            0.0000179 	        27924.2132152 
142 	     70.500 	            0.0025335 	            0.0000179 	        27924.4025431 
143 	     71.000 	            0.0025514 	            0.0000179 	        27924.6647115 
144 	     71.500 	            0.0025694 	            0.0000179 	        27924.3666036 
145 	     72.000 	            0.0025873 	            0.0000179 	        27924.4287116 
146 	     72.500 	            0.0026051 	            0.0000179 	        27924.8067768 
147 	     73.000 	            0.0026231 	            0.0000180 	        27924.2594741 
148 	     73.500 	            0.0026410 	            0.0000179 	        27924.5335283 
149 	     74.000 	            0.0026589 	            0.0000179 	        27924.2247747 
150 	     74.500 	            0.0026768 	            0.0000179 	        27924.7069312 
151 	     75.000 	            0.0026947 	            0.0000179 	        27924.4480352 
152 	     75.500 	            0.0027126 	            0.0000179 	        27924.6855420 
153 	     76.000 	            0.0027305 	            0.0000179 	        27924.6454014 
154 	     76.500 	            0.0027484 	            0.0000179 	        27924.4174969 
155 	     77.000 	            0.0027663 	            0.0000179 	        27924.4961330 
156 	     77.500 	            0.0027842 	            0.0000179 	        27924.2528273 
157 	     78.000 	            0.0028021 	            0.0000179 	        27924.6103284 
158 	     78.500 	            0.0028200 	            0.0000179 	        27924.2888954 
159 	     79.000 	            0.0028379 	            0.0000179 	        27924.5631160 
160 	     79.500 	            0.0028558 	            0.0000179 	        27924.4713406 
161 	     80.000 	            0.0028738 	            0.0000179 	        27924.2525884 
162 	     80.500 	            0.0028917 	            0.0000179 	        27924.2717953 
163 	     81.000 	            0.0029096 	            0.0000179 	        27924.4993703 
164 	     81.500 	            0.0029275 	            0.0000179 	        27924.3562082 
165 	     82.000 	            0.0029454 	            0.0000179 	        27924.0564495 
166 	     82.500 	            0.0029632 	            0.0000178 	        27924.7938002 
167 	     83.000 	            0.0029812 	            0.0000179 	        27924.5084310 
168 	     83.500 	            0.0029991 	            0.0000179 	        27924.5864581 
169 	     84.000 	            0.0030170 	            0.0000179 	        27924.1856974 
170 	     84.500 	            0.0030349 	            0.0000179 	        27924.4995367 
171 	     85.000 	            0.0030528 	            0.0000179 	        27924.4029721 
172 	     85.500 	            0.0030707 	            0.0000179 	        27924.6647544 
173 	     86.000 	            0.0030886 	            0.0000179 	        27924.6712278 
174 	     86.500 	            0.0031065 	            0.0000179 	        27924.3528059 
175 	     87.000 	            0.0031244 	            0.0000179 	        27924.7459569 
176 	     87.500 	            0.0031423 	            0.0000179 	        27924.9831101 
177 	     88.000 	            0.0031602 	            0.0000179 	        27924.6550481 
178 	     88.500 	            0.0031781 	            0.0000179 	        27924.4825352 
179 	     89.000 	            0.0031961 	            0.0000179 	        27924.3768608 
180 	     89.500 	            0.0032140 	            0.0000179 	        27924.2767965 
181 	     90.000 	            0.0032318 	            0.0000179 	        27924.5375161 
182 	     90.500 	            0.0032498 	            0.0000179 	        27924.4423890 
183 	     91.000 	            0.0032677 	            0.0000179 	        27924.4994397 
184 	     91.500 	            0.0032855 	            0.0000179 	        27924.7813994 
185 	     92.000 	            0.0033034 	            0.0000179 	        27924.9034733 
186 	     92.500 	            0.0033214 	            0.0000180 	        27924.3519600 
187 	     93.000 	            0.0033393 	            0.0000179 	        27924.4695260 
188 	     93.500 	            0.0033572 	            0.0000179 	        27924.4252170 
189 	     94.000 	            0.0033751 	            0.0000179 	        27924.6186195 
190 	     94.500 	            0.0033930 	            0.0000179 	        27924.8395804 
191 	     95.000 	            0.0034109 	            0.0000179 	        27924.7034096 
192 	     95.500 	            0.0034288 	            0.0000179 	        27924.3493516 
193 	     96.000 	            0.0034467 	            0.0000179 	        27924.4801267 
194 	     96.500 	            0.0034646 	            0.0000179 	        27924.6515733 
195 	     97.000 	            0.0034825 	            0.0000179 	        27924.5773384 
196 	     97.500 	            0.0035005 	            0.0000179 	        27924.3033908 
197 	     98.000 	            0.0035183 	            0.0000179 	        27924.5303530 
198 	     98.500 	            0.0035363 	            0.0000179 	        27924.4459566 
199 	     99.000 	            0.0035541 	            0.0000179 	        27924.6681112 
200 	     99.500 	            0.0035721 	            0.0000179 	        27924.5020869 
201 	    100.000 	            0.0035900 	            0.0000179 	        27924.5719118 
202 	    100.500 	            0.0036079 	            0.0000179 	        27924.5032498 
203 	    101.000 	            0.0036258 	            0.0000179 	        27924.5617085 
204 	    101.500 	            0.0036437 	            0.0000179 	        27924.6029739 
205 	    102.000 	            0.0036616 	            0.0000179 	        27924.4379062 
206 	    102.500 	            0.0036795 	            0.0000179 	        27924.4806097 
207 	    103.000 	            0.0036974 	            0.0000179 	        27924.4960496 
208 	    103.500 	            0.0037153 	            0.0000179 	        27924.3018461 
209 	    104.000 	            0.0037332 	            0.0000179 	        27924.3362805 
210 	    104.500 	            0.0037511 	            0.0000179 	        27924.2992635 
211 	    105.000 	            0.0037691 	            0.0000179 	        27924.1323648 
212 	    105.500 	            0.0037869 	            0.0000179 	        27924.3328223 
213 	    106.000 	            0.0038048 	            0.0000179 	        27924.3673486 
214 	    106.500 	            0.0038228 	            0.0000179 	        27924.1485164 
215 	    107.000 	            0.0038407 	            0.0000179 	        27924.1762231 
216 	    107.500 	            0.0038586 	            0.0000179 	        27924.2322845 
217 	    108.000 	            0.0038765 	            0.0000179 	        27924.1975884 
218 	    108.500 	            0.0038944 	            0.0000179 	        27924.0396284 
219 	    109.000 	            0.0039123 	            0.0000179 	        27924.0794724 
220 	    109.500 	            0.0039303 	            0.0000179 	        27923.8799044 
221 	    110.000 	            0.0039481 	            0.0000179 	        27923.9548309 
222 	    110.500 	            0.0039660 	            0.0000179 	        27924.0601350 
223 	    111.000 	            0.0039840 	            0.0000179 	        27923.8695236 
224 	    111.500 	            0.0040019 	            0.0000179 	        27923.9126094 
225 	    112.000 	            0.0040197 	            0.0000179 	        27924.1277467 
226 	    112.500 	            0.0040377 	            0.0000179 	        27924.1037039 
227 	    113.000 	            0.0040556 	            0.0000179 	        27923.9412537 
228 	    113.500 	            0.0040735 	            0.0000179 	        27923.7877420 
229 	    114.000 	            0.0040914 	            0.0000179 	        27923.6381745 
230 	    114.500 	            0.0041093 	            0.0000179 	        27923.7539214 
231 	    115.000 	            0.0041272 	            0.0000179 	        27923.9551350 
232 	    115.500 	            0.0041451 	            0.0000179 	        27923.8795675 
233 	    116.000 	            0.0041631 	            0.0000179 	        27923.6976507 
234 	    116.500 	            0.0041810 	            0.0000179 	        27923.5567285 
235 	    117.000 	            0.0041988 	            0.0000179 	        27923.8508190 
236 	    117.500 	            0.0042168 	            0.0000180 	        27923.4670566 
237 	    118.000 	            0.0042347 	            0.0000179 	        27923.4482446 
238 	    118.500 	            0.0042526 	            0.0000179 	        27923.8066396 
239 	    119.000 	            0.0042705 	            0.0000179 	        27923.8582889 
240 	    119.500 	            0.0042884 	            0.0000180 	        27923.5183265 
241 	    120.000 	            0.0043063 	            0.0000179 	        27923.6394592 
242 	    120.500 	            0.0043242 	            0.0000179 	        27923.5980303 
243 	    121.000 	            0.0043422 	            0.0000179 	        27923.4361085 
244 	    121.500 	            0.0043601 	            0.0000179 	        27923.2715741 
245 	    122.000 	            0.0043780 	            0.0000179 	        27923.4342931 
246 	    122.500 	            0.0043959 	            0.0000179 	        27923.2026886 
247 	    123.000 	            0.0044138 	            0.0000179 	        27923.4991021 
248 	    123.500 	            0.0044317 	            0.0000179 	        27923.2367841 
249 	    124.000 	            0.0044496 	            0.0000179 	        27923.2321162 
250 	    124.500 	            0.0044676 	            0.0000180 	        27922.8936953 
251 	    125.000 	            0.0044854 	            0.0000178 	        27923.3404957 
252 	    125.500 	            0.0045034 	            0.0000179 	        27923.1718409 
253 	    126.000 	            0.0045212 	            0.0000179 	        27923.3545052 
254 	    126.500 	            0.0045392 	            0.0000180 	        27922.9390714 
255 	    127.000 	            0.0045571 	            0.0000179 	        27922.9251219 
256 	    127.500 	            0.0045750 	            0.0000179 	        27922.8594334 
257 	    128.000 	            0.0045930 	            0.0000179 	        27922.7125328 
258 	    128.500 	            0.0046108 	            0.0000179 	        27922.9023214 
259 	    129.000 	            0.0046288 	            0.0000179 	        27922.8389746 
260 	    129.500 	            0.0046466 	            0.0000179 	        27922.9391339 
261 	    130.000 	            0.0046646 	            0.0000179 	        27922.9167581 
262 	    130.500 	            0.0046825 	            0.0000179 	        27922.9394669 
263 	    131.000 	            0.0047004 	            0.0000179 	        27922.8872838 
264 	    131.500 	            0.0047183 	            0.0000179 	        27922.6494743 
265 	    132.000 	            0.0047363 	            0.0000179 	        27922.4394797 
266 	    132.500 	            0.0047542 	            0.0000179 	        27922.2684693 
267 	    133.000 	            0.0047721 	            0.0000179 	        27922.5436223 
268 	    133.500 	            0.0047899 	            0.0000179 	        27922.7036232 
269 	    134.000 	            0.0048079 	            0.0000180 	        27922.3321524 
270 	    134.500 	            0.0048259 	            0.0000180 	        27921.9586810 
271 	    135.000 	            0.0048437 	            0.0000178 	        27922.2905212 
272 	    135.500 	            0.0048617 	            0.0000179 	        27922.0720207 
273 	    136.000 	            0.0048795 	            0.0000179 	        27922.3542844 
274 	    136.500 	            0.0048975 	            0.0000179 	        27922.2111594 
275 	    137.000 	            0.0049154 	            0.0000180 	        27921.9602085 
276 	    137.500 	            0.0049334 	            0.0000180 	        27921.6787763 
277 	    138.000 	            0.0049512 	            0.0000178 	        27922.0107509 
278 	    138.500 	            0.0049692 	            0.0000180 	        27921.6318216 
279 	    139.000 	            0.0049871 	            0.0000179 	        27921.8291725 
