# Zc 	 Nc 	 t0 (s) 	 elapsed time (s) 	 F (Hz) 
1 	      0.000 	            0.0000036 	            0.0000000 	            0.0000000 
2 	      0.500 	            0.0000215 	            0.0000179 	        27933.7561222 
3 	      1.000 	            0.0000394 	            0.0000179 	        27941.7393902 
4 	      1.500 	            0.0000573 	            0.0000179 	        27926.8868583 
5 	      2.000 	            0.0000752 	            0.0000179 	        27940.2834973 
6 	      2.500 	            0.0000931 	            0.0000179 	        27928.7160231 
7 	      3.000 	            0.0001110 	            0.0000179 	        27928.9348340 
8 	      3.500 	            0.0001289 	            0.0000179 	        27927.8321275 
9 	      4.000 	            0.0001468 	            0.0000179 	        27929.3699093 
10 	      4.500 	            0.0001647 	            0.0000179 	        27926.8051981 
11 	      5.000 	            0.0001826 	            0.0000179 	        27930.0804207 
12 	      5.500 	            0.0002005 	            0.0000179 	        27928.5716089 
13 	      6.000 	            0.0002185 	            0.0000179 	        27926.2270427 
14 	      6.500 	            0.0002364 	            0.0000179 	        27926.2429311 
15 	      7.000 	            0.0002542 	            0.0000179 	        27929.7599722 
16 	      7.500 	            0.0002721 	            0.0000179 	        27928.3910556 
17 	      8.000 	            0.0002901 	            0.0000179 	        27926.8885870 
18 	      8.500 	            0.0003080 	            0.0000179 	        27926.3004345 
19 	      9.000 	            0.0003258 	            0.0000179 	        27929.0477267 
20 	      9.500 	            0.0003438 	            0.0000179 	        27926.7436939 
21 	     10.000 	            0.0003617 	            0.0000179 	        27927.0670891 
22 	     10.500 	            0.0003796 	            0.0000179 	        27927.0649871 
23 	     11.000 	            0.0003975 	            0.0000179 	        27927.0861347 
24 	     11.500 	            0.0004154 	            0.0000179 	        27926.5168285 
25 	     12.000 	            0.0004333 	            0.0000179 	        27926.2122258 
26 	     12.500 	            0.0004512 	            0.0000179 	        27926.2327888 
27 	     13.000 	            0.0004691 	            0.0000179 	        27926.8084374 
28 	     13.500 	            0.0004870 	            0.0000179 	        27925.7238105 
29 	     14.000 	            0.0005049 	            0.0000179 	        27926.7715719 
30 	     14.500 	            0.0005228 	            0.0000179 	        27926.2077957 
31 	     15.000 	            0.0005407 	            0.0000179 	        27926.7188532 
32 	     15.500 	            0.0005586 	            0.0000179 	        27926.6731952 
33 	     16.000 	            0.0005766 	            0.0000179 	        27925.7278777 
34 	     16.500 	            0.0005945 	            0.0000179 	        27925.7935149 
35 	     17.000 	            0.0006124 	            0.0000179 	        27926.0680873 
36 	     17.500 	            0.0006303 	            0.0000179 	        27925.9181059 
37 	     18.000 	            0.0006481 	            0.0000179 	        27926.6385068 
38 	     18.500 	            0.0006661 	            0.0000179 	        27926.5660602 
39 	     19.000 	            0.0006840 	            0.0000179 	        27926.1183121 
40 	     19.500 	            0.0007019 	            0.0000179 	        27925.5402608 
41 	     20.000 	            0.0007198 	            0.0000179 	        27926.1561703 
42 	     20.500 	            0.0007377 	            0.0000179 	        27925.2153859 
43 	     21.000 	            0.0007556 	            0.0000179 	        27925.6307921 
44 	     21.500 	            0.0007735 	            0.0000179 	        27926.5582417 
45 	     22.000 	            0.0007914 	            0.0000179 	        27925.9958249 
46 	     22.500 	            0.0008093 	            0.0000179 	        27926.1261853 
47 	     23.000 	            0.0008272 	            0.0000179 	        27926.0435279 
48 	     23.500 	            0.0008451 	            0.0000179 	        27924.8771346 
49 	     24.000 	            0.0008630 	            0.0000179 	        27925.7027828 
50 	     24.500 	            0.0008809 	            0.0000179 	        27925.5274273 
51 	     25.000 	            0.0008988 	            0.0000179 	        27925.5606492 
52 	     25.500 	            0.0009168 	            0.0000179 	        27925.0990345 
53 	     26.000 	            0.0009346 	            0.0000179 	        27925.8241644 
54 	     26.500 	            0.0009526 	            0.0000179 	        27924.8374054 
55 	     27.000 	            0.0009705 	            0.0000179 	        27925.0076652 
56 	     27.500 	            0.0009884 	            0.0000179 	        27925.2303630 
57 	     28.000 	            0.0010063 	            0.0000179 	        27925.1799530 
58 	     28.500 	            0.0010242 	            0.0000179 	        27925.0143912 
59 	     29.000 	            0.0010421 	            0.0000179 	        27925.7231304 
60 	     29.500 	            0.0010600 	            0.0000179 	        27925.0567798 
61 	     30.000 	            0.0010779 	            0.0000179 	        27924.7279043 
62 	     30.500 	            0.0010958 	            0.0000179 	        27924.9026001 
63 	     31.000 	            0.0011137 	            0.0000179 	        27925.2628041 
64 	     31.500 	            0.0011316 	            0.0000179 	        27924.5738452 
65 	     32.000 	            0.0011495 	            0.0000179 	        27925.0229944 
66 	     32.500 	            0.0011674 	            0.0000179 	        27924.9739118 
67 	     33.000 	            0.0011853 	            0.0000179 	        27925.2274646 
68 	     33.500 	            0.0012033 	            0.0000179 	        27924.5695030 
69 	     34.000 	            0.0012212 	            0.0000179 	        27924.6934062 
70 	     34.500 	            0.0012391 	            0.0000179 	        27925.0334453 
71 	     35.000 	            0.0012570 	            0.0000179 	        27924.5921941 
72 	     35.500 	            0.0012749 	            0.0000179 	        27924.8985509 
73 	     36.000 	            0.0012928 	            0.0000179 	        27924.8918299 
74 	     36.500 	            0.0013107 	            0.0000179 	        27924.5917738 
75 	     37.000 	            0.0013286 	            0.0000179 	        27925.1448127 
76 	     37.500 	            0.0013465 	            0.0000179 	        27924.6020856 
77 	     38.000 	            0.0013644 	            0.0000179 	        27924.8850362 
78 	     38.500 	            0.0013823 	            0.0000179 	        27924.6859231 
79 	     39.000 	            0.0014002 	            0.0000179 	        27924.2094211 
80 	     39.500 	            0.0014181 	            0.0000179 	        27924.1832468 
81 	     40.000 	            0.0014360 	            0.0000179 	        27924.3153011 
82 	     40.500 	            0.0014540 	            0.0000179 	        27924.0981149 
83 	     41.000 	            0.0014718 	            0.0000179 	        27925.0463269 
84 	     41.500 	            0.0014898 	            0.0000179 	        27924.5632075 
85 	     42.000 	            0.0015077 	            0.0000179 	        27924.6508709 
86 	     42.500 	            0.0015256 	            0.0000179 	        27924.6805562 
87 	     43.000 	            0.0015434 	            0.0000179 	        27924.9075323 
88 	     43.500 	            0.0015614 	            0.0000179 	        27924.5048510 
89 	     44.000 	            0.0015793 	            0.0000179 	        27924.5102488 
90 	     44.500 	            0.0015972 	            0.0000179 	        27924.2600193 
91 	     45.000 	            0.0016151 	            0.0000179 	        27924.9627724 
92 	     45.500 	            0.0016330 	            0.0000179 	        27924.8458367 
93 	     46.000 	            0.0016509 	            0.0000179 	        27924.7021505 
94 	     46.500 	            0.0016688 	            0.0000179 	        27924.4000308 
95 	     47.000 	            0.0016867 	            0.0000179 	        27924.3413833 
96 	     47.500 	            0.0017046 	            0.0000179 	        27924.4415338 
97 	     48.000 	            0.0017225 	            0.0000179 	        27924.5639443 
98 	     48.500 	            0.0017404 	            0.0000179 	        27924.3394506 
99 	     49.000 	            0.0017583 	            0.0000179 	        27924.4914864 
100 	     49.500 	            0.0017762 	            0.0000179 	        27924.4972801 
101 	     50.000 	            0.0017941 	            0.0000179 	        27924.6446699 
102 	     50.500 	            0.0018121 	            0.0000179 	        27924.2314418 
103 	     51.000 	            0.0018300 	            0.0000179 	        27924.4777010 
104 	     51.500 	            0.0018479 	            0.0000179 	        27924.3887358 
105 	     52.000 	            0.0018658 	            0.0000179 	        27924.5761319 
106 	     52.500 	            0.0018837 	            0.0000179 	        27924.6093452 
107 	     53.000 	            0.0019016 	            0.0000179 	        27924.3456349 
108 	     53.500 	            0.0019195 	            0.0000179 	        27924.0686352 
109 	     54.000 	            0.0019374 	            0.0000179 	        27924.4353931 
110 	     54.500 	            0.0019553 	            0.0000179 	        27924.6613634 
111 	     55.000 	            0.0019732 	            0.0000179 	        27924.5231668 
112 	     55.500 	            0.0019911 	            0.0000179 	        27924.5332433 
113 	     56.000 	            0.0020090 	            0.0000179 	        27924.5607342 
114 	     56.500 	            0.0020269 	            0.0000179 	        27924.5250590 
115 	     57.000 	            0.0020448 	            0.0000179 	        27924.5290853 
116 	     57.500 	            0.0020627 	            0.0000179 	        27924.2201299 
117 	     58.000 	            0.0020806 	            0.0000179 	        27924.4204517 
118 	     58.500 	            0.0020985 	            0.0000179 	        27924.5763117 
119 	     59.000 	            0.0021164 	            0.0000179 	        27924.6579450 
120 	     59.500 	            0.0021343 	            0.0000179 	        27924.8122129 
121 	     60.000 	            0.0021522 	            0.0000179 	        27924.6065381 
122 	     60.500 	            0.0021701 	            0.0000179 	        27924.6312224 
123 	     61.000 	            0.0021881 	            0.0000179 	        27924.5542267 
124 	     61.500 	            0.0022060 	            0.0000179 	        27924.3561375 
125 	     62.000 	            0.0022239 	            0.0000179 	        27924.4386793 
126 	     62.500 	            0.0022418 	            0.0000179 	        27924.7333810 
127 	     63.000 	            0.0022597 	            0.0000179 	        27924.7768961 
128 	     63.500 	            0.0022776 	            0.0000179 	        27924.5080790 
129 	     64.000 	            0.0022955 	            0.0000179 	        27924.3690577 
130 	     64.500 	            0.0023134 	            0.0000179 	        27924.3608739 
131 	     65.000 	            0.0023313 	            0.0000179 	        27924.7208919 
132 	     65.500 	            0.0023492 	            0.0000179 	        27924.7549186 
133 	     66.000 	            0.0023671 	            0.0000179 	        27924.6476715 
134 	     66.500 	            0.0023850 	            0.0000179 	        27924.5615446 
135 	     67.000 	            0.0024029 	            0.0000179 	        27924.8032803 
136 	     67.500 	            0.0024208 	            0.0000179 	        27924.6638974 
137 	     68.000 	            0.0024387 	            0.0000179 	        27924.5500390 
138 	     68.500 	            0.0024566 	            0.0000179 	        27924.5185112 
139 	     69.000 	            0.0024745 	            0.0000179 	        27924.6279683 
140 	     69.500 	            0.0024925 	            0.0000179 	        27924.5186483 
141 	     70.000 	            0.0025103 	            0.0000179 	        27924.7196886 
142 	     70.500 	            0.0025283 	            0.0000179 	        27924.4384774 
143 	     71.000 	            0.0025462 	            0.0000179 	        27924.6793907 
144 	     71.500 	            0.0025641 	            0.0000179 	        27924.5674795 
145 	     72.000 	            0.0025820 	            0.0000179 	        27924.8036440 
146 	     72.500 	            0.0025998 	            0.0000179 	        27925.0411228 
147 	     73.000 	            0.0026178 	            0.0000180 	        27924.5312238 
148 	     73.500 	            0.0026357 	            0.0000179 	        27924.8579036 
149 	     74.000 	            0.0026536 	            0.0000179 	        27924.8756876 
150 	     74.500 	            0.0026715 	            0.0000179 	        27924.8330633 
151 	     75.000 	            0.0026894 	            0.0000179 	        27924.7491405 
152 	     75.500 	            0.0027073 	            0.0000179 	        27924.7575051 
153 	     76.000 	            0.0027252 	            0.0000179 	        27924.9056502 
154 	     76.500 	            0.0027431 	            0.0000179 	        27924.8509740 
155 	     77.000 	            0.0027610 	            0.0000179 	        27924.9325607 
156 	     77.500 	            0.0027789 	            0.0000179 	        27924.5938852 
157 	     78.000 	            0.0027968 	            0.0000179 	        27924.6839015 
158 	     78.500 	            0.0028147 	            0.0000179 	        27924.6989600 
159 	     79.000 	            0.0028326 	            0.0000179 	        27924.8479998 
160 	     79.500 	            0.0028505 	            0.0000179 	        27924.7783546 
161 	     80.000 	            0.0028684 	            0.0000179 	        27925.1056517 
162 	     80.500 	            0.0028863 	            0.0000179 	        27924.8058035 
163 	     81.000 	            0.0029042 	            0.0000179 	        27924.8706686 
164 	     81.500 	            0.0029222 	            0.0000179 	        27924.6383036 
165 	     82.000 	            0.0029401 	            0.0000179 	        27924.7039848 
166 	     82.500 	            0.0029580 	            0.0000179 	        27924.9481435 
167 	     83.000 	            0.0029759 	            0.0000179 	        27924.8393522 
168 	     83.500 	            0.0029937 	            0.0000179 	        27925.0922084 
169 	     84.000 	            0.0030117 	            0.0000179 	        27924.9267829 
170 	     84.500 	            0.0030296 	            0.0000179 	        27924.5270620 
171 	     85.000 	            0.0030475 	            0.0000179 	        27924.9551528 
172 	     85.500 	            0.0030654 	            0.0000179 	        27924.9398959 
173 	     86.000 	            0.0030833 	            0.0000179 	        27924.9384287 
174 	     86.500 	            0.0031012 	            0.0000179 	        27924.7466201 
175 	     87.000 	            0.0031191 	            0.0000179 	        27925.0526287 
176 	     87.500 	            0.0031370 	            0.0000179 	        27924.9835218 
177 	     88.000 	            0.0031549 	            0.0000179 	        27924.7290704 
178 	     88.500 	            0.0031728 	            0.0000179 	        27924.7362151 
179 	     89.000 	            0.0031907 	            0.0000179 	        27924.9736282 
180 	     89.500 	            0.0032086 	            0.0000179 	        27925.0246274 
181 	     90.000 	            0.0032266 	            0.0000180 	        27924.5463000 
182 	     90.500 	            0.0032444 	            0.0000179 	        27924.8126497 
183 	     91.000 	            0.0032624 	            0.0000179 	        27924.7023689 
184 	     91.500 	            0.0032802 	            0.0000179 	        27925.0871509 
185 	     92.000 	            0.0032982 	            0.0000179 	        27924.8136628 
186 	     92.500 	            0.0033160 	            0.0000179 	        27924.9819519 
187 	     93.000 	            0.0033340 	            0.0000179 	        27924.7479395 
188 	     93.500 	            0.0033519 	            0.0000179 	        27925.0107941 
189 	     94.000 	            0.0033698 	            0.0000179 	        27925.0400597 
190 	     94.500 	            0.0033877 	            0.0000179 	        27924.8593546 
191 	     95.000 	            0.0034056 	            0.0000179 	        27924.5825531 
192 	     95.500 	            0.0034235 	            0.0000179 	        27924.8749298 
193 	     96.000 	            0.0034414 	            0.0000180 	        27924.4866193 
194 	     96.500 	            0.0034593 	            0.0000179 	        27924.8412787 
195 	     97.000 	            0.0034772 	            0.0000179 	        27924.7811471 
196 	     97.500 	            0.0034951 	            0.0000179 	        27924.7089258 
197 	     98.000 	            0.0035130 	            0.0000179 	        27924.6840569 
198 	     98.500 	            0.0035309 	            0.0000179 	        27924.6968605 
199 	     99.000 	            0.0035489 	            0.0000179 	        27924.5854843 
200 	     99.500 	            0.0035667 	            0.0000179 	        27924.8162836 
201 	    100.000 	            0.0035847 	            0.0000179 	        27924.6695332 
202 	    100.500 	            0.0036026 	            0.0000179 	        27924.6765559 
203 	    101.000 	            0.0036205 	            0.0000179 	        27924.4552503 
204 	    101.500 	            0.0036384 	            0.0000179 	        27924.6264087 
205 	    102.000 	            0.0036563 	            0.0000179 	        27924.6418966 
206 	    102.500 	            0.0036742 	            0.0000179 	        27924.5247619 
207 	    103.000 	            0.0036921 	            0.0000179 	        27924.4555940 
208 	    103.500 	            0.0037100 	            0.0000179 	        27924.4409162 
209 	    104.000 	            0.0037279 	            0.0000179 	        27924.5246034 
210 	    104.500 	            0.0037458 	            0.0000179 	        27924.5734923 
211 	    105.000 	            0.0037638 	            0.0000179 	        27924.3528452 
212 	    105.500 	            0.0037816 	            0.0000179 	        27924.4965346 
213 	    106.000 	            0.0037996 	            0.0000179 	        27924.4553958 
214 	    106.500 	            0.0038175 	            0.0000179 	        27924.5261351 
215 	    107.000 	            0.0038354 	            0.0000180 	        27924.1124919 
216 	    107.500 	            0.0038533 	            0.0000179 	        27924.4305147 
217 	    108.000 	            0.0038712 	            0.0000179 	        27924.2745839 
218 	    108.500 	            0.0038891 	            0.0000179 	        27924.2792254 
219 	    109.000 	            0.0039070 	            0.0000179 	        27924.2552946 
220 	    109.500 	            0.0039249 	            0.0000179 	        27924.3344631 
221 	    110.000 	            0.0039428 	            0.0000179 	        27924.3623134 
222 	    110.500 	            0.0039607 	            0.0000179 	        27924.1608179 
223 	    111.000 	            0.0039787 	            0.0000179 	        27924.1455371 
224 	    111.500 	            0.0039966 	            0.0000179 	        27924.1499201 
225 	    112.000 	            0.0040145 	            0.0000179 	        27924.1167969 
226 	    112.500 	            0.0040323 	            0.0000179 	        27924.3301955 
227 	    113.000 	            0.0040503 	            0.0000179 	        27924.0410891 
228 	    113.500 	            0.0040682 	            0.0000179 	        27923.9490181 
229 	    114.000 	            0.0040861 	            0.0000179 	        27923.8140320 
230 	    114.500 	            0.0041040 	            0.0000179 	        27924.1651157 
231 	    115.000 	            0.0041220 	            0.0000180 	        27923.7439124 
232 	    115.500 	            0.0041399 	            0.0000179 	        27923.7064323 
233 	    116.000 	            0.0041578 	            0.0000179 	        27923.8472724 
234 	    116.500 	            0.0041756 	            0.0000179 	        27924.0497102 
235 	    117.000 	            0.0041935 	            0.0000179 	        27923.9853937 
236 	    117.500 	            0.0042114 	            0.0000178 	        27924.5661715 
237 	    118.000 	            0.0042294 	            0.0000180 	        27923.9604062 
238 	    118.500 	            0.0042473 	            0.0000180 	        27923.4851062 
239 	    119.000 	            0.0042653 	            0.0000179 	        27923.4168805 
240 	    119.500 	            0.0042831 	            0.0000179 	        27923.7449890 
241 	    120.000 	            0.0043010 	            0.0000179 	        27923.6400066 
242 	    120.500 	            0.0043189 	            0.0000179 	        27923.7010924 
243 	    121.000 	            0.0043369 	            0.0000179 	        27923.5051236 
244 	    121.500 	            0.0043548 	            0.0000179 	        27923.4478369 
245 	    122.000 	            0.0043727 	            0.0000179 	        27923.6795277 
246 	    122.500 	            0.0043906 	            0.0000180 	        27923.3562442 
247 	    123.000 	            0.0044085 	            0.0000179 	        27923.5300253 
248 	    123.500 	            0.0044265 	            0.0000180 	        27923.1139033 
249 	    124.000 	            0.0044443 	            0.0000179 	        27923.2349367 
250 	    124.500 	            0.0044622 	            0.0000179 	        27923.4087356 
251 	    125.000 	            0.0044802 	            0.0000180 	        27923.0761445 
252 	    125.500 	            0.0044981 	            0.0000179 	        27923.2186933 
253 	    126.000 	            0.0045160 	            0.0000180 	        27922.7760655 
254 	    126.500 	            0.0045338 	            0.0000178 	        27923.4557494 
255 	    127.000 	            0.0045518 	            0.0000180 	        27923.0631110 
256 	    127.500 	            0.0045697 	            0.0000179 	        27923.1522262 
257 	    128.000 	            0.0045876 	            0.0000179 	        27923.2740696 
258 	    128.500 	            0.0046056 	            0.0000180 	        27922.7824442 
259 	    129.000 	            0.0046235 	            0.0000179 	        27922.8322630 
260 	    129.500 	            0.0046413 	            0.0000179 	        27923.0636861 
261 	    130.000 	            0.0046593 	            0.0000180 	        27922.4932568 
262 	    130.500 	            0.0046772 	            0.0000179 	        27922.8017883 
263 	    131.000 	            0.0046951 	            0.0000179 	        27922.7280488 
264 	    131.500 	            0.0047130 	            0.0000179 	        27922.6574987 
265 	    132.000 	            0.0047310 	            0.0000179 	        27922.4458621 
266 	    132.500 	            0.0047489 	            0.0000179 	        27922.4120618 
267 	    133.000 	            0.0047668 	            0.0000179 	        27922.4171135 
268 	    133.500 	            0.0047847 	            0.0000179 	        27922.6330629 
269 	    134.000 	            0.0048026 	            0.0000179 	        27922.4021409 
270 	    134.500 	            0.0048205 	            0.0000179 	        27922.2949921 
271 	    135.000 	            0.0048384 	            0.0000178 	        27922.6557586 
272 	    135.500 	            0.0048563 	            0.0000179 	        27922.4858620 
273 	    136.000 	            0.0048742 	            0.0000179 	        27922.4175166 
274 	    136.500 	            0.0048922 	            0.0000179 	        27922.3980252 
275 	    137.000 	            0.0049101 	            0.0000180 	        27922.0870684 
276 	    137.500 	            0.0049280 	            0.0000179 	        27921.9927699 
277 	    138.000 	            0.0049459 	            0.0000179 	        27922.1756306 
278 	    138.500 	            0.0049638 	            0.0000179 	        27922.2237196 
279 	    139.000 	            0.0049818 	            0.0000180 	        27921.8203044 
280 	    139.500 	            0.0049997 	            0.0000179 	        27921.9897530 
