# Zc 	 Nc 	 t0 (s) 	 elapsed time (s) 	 F (Hz) 
1 	      0.000 	            0.0000104 	            0.0000000 	            0.0000000 
2 	      0.500 	            0.0000283 	            0.0000179 	        27919.0958034 
3 	      1.000 	            0.0000462 	            0.0000179 	        27921.6283536 
4 	      1.500 	            0.0000641 	            0.0000179 	        27923.1753068 
5 	      2.000 	            0.0000820 	            0.0000179 	        27925.0785931 
6 	      2.500 	            0.0000999 	            0.0000179 	        27932.7485372 
7 	      3.000 	            0.0001178 	            0.0000179 	        27926.7262428 
8 	      3.500 	            0.0001357 	            0.0000179 	        27932.4932191 
9 	      4.000 	            0.0001536 	            0.0000179 	        27928.4438180 
10 	      4.500 	            0.0001715 	            0.0000179 	        27932.6360177 
11 	      5.000 	            0.0001895 	            0.0000179 	        27926.4001013 
12 	      5.500 	            0.0002074 	            0.0000179 	        27928.3931860 
13 	      6.000 	            0.0002253 	            0.0000179 	        27925.5552640 
14 	      6.500 	            0.0002432 	            0.0000179 	        27928.3883592 
15 	      7.000 	            0.0002611 	            0.0000179 	        27926.6744146 
16 	      7.500 	            0.0002790 	            0.0000179 	        27926.0746740 
17 	      8.000 	            0.0002969 	            0.0000179 	        27925.7606474 
18 	      8.500 	            0.0003148 	            0.0000179 	        27926.6879028 
19 	      9.000 	            0.0003327 	            0.0000179 	        27925.6152330 
20 	      9.500 	            0.0003506 	            0.0000179 	        27927.1987898 
21 	     10.000 	            0.0003685 	            0.0000179 	        27925.8652376 
22 	     10.500 	            0.0003864 	            0.0000179 	        27926.1525164 
23 	     11.000 	            0.0004043 	            0.0000179 	        27925.2827194 
24 	     11.500 	            0.0004222 	            0.0000179 	        27927.0398157 
25 	     12.000 	            0.0004401 	            0.0000179 	        27926.2623077 
26 	     12.500 	            0.0004580 	            0.0000179 	        27926.1465412 
27 	     13.000 	            0.0004759 	            0.0000179 	        27925.6735714 
28 	     13.500 	            0.0004938 	            0.0000179 	        27926.4519242 
29 	     14.000 	            0.0005117 	            0.0000179 	        27926.8083722 
30 	     14.500 	            0.0005297 	            0.0000179 	        27926.0408616 
31 	     15.000 	            0.0005476 	            0.0000179 	        27925.9559886 
32 	     15.500 	            0.0005655 	            0.0000179 	        27925.8464143 
33 	     16.000 	            0.0005834 	            0.0000179 	        27925.6327610 
34 	     16.500 	            0.0006013 	            0.0000179 	        27925.8840817 
35 	     17.000 	            0.0006192 	            0.0000179 	        27925.6232504 
36 	     17.500 	            0.0006371 	            0.0000179 	        27926.4072434 
37 	     18.000 	            0.0006550 	            0.0000179 	        27925.8503948 
38 	     18.500 	            0.0006729 	            0.0000179 	        27925.7660985 
39 	     19.000 	            0.0006908 	            0.0000179 	        27925.2394120 
40 	     19.500 	            0.0007087 	            0.0000179 	        27925.1421157 
41 	     20.000 	            0.0007266 	            0.0000179 	        27924.1242257 
42 	     20.500 	            0.0007445 	            0.0000179 	        27925.5516450 
43 	     21.000 	            0.0007624 	            0.0000179 	        27925.7247935 
44 	     21.500 	            0.0007803 	            0.0000179 	        27925.9889032 
45 	     22.000 	            0.0007982 	            0.0000179 	        27925.4698066 
46 	     22.500 	            0.0008161 	            0.0000179 	        27925.4496916 
47 	     23.000 	            0.0008340 	            0.0000179 	        27925.2986979 
48 	     23.500 	            0.0008520 	            0.0000179 	        27925.2209650 
49 	     24.000 	            0.0008699 	            0.0000179 	        27924.9696172 
50 	     24.500 	            0.0008878 	            0.0000179 	        27925.3801273 
51 	     25.000 	            0.0009057 	            0.0000179 	        27924.6550310 
52 	     25.500 	            0.0009236 	            0.0000179 	        27925.4402504 
53 	     26.000 	            0.0009415 	            0.0000179 	        27924.9343014 
54 	     26.500 	            0.0009594 	            0.0000179 	        27925.3005908 
55 	     27.000 	            0.0009773 	            0.0000179 	        27924.1502114 
56 	     27.500 	            0.0009952 	            0.0000178 	        27925.8382470 
57 	     28.000 	            0.0010131 	            0.0000179 	        27924.6213132 
58 	     28.500 	            0.0010310 	            0.0000179 	        27925.2715379 
59 	     29.000 	            0.0010489 	            0.0000179 	        27924.9738697 
60 	     29.500 	            0.0010668 	            0.0000179 	        27925.0886921 
61 	     30.000 	            0.0010847 	            0.0000179 	        27925.0871395 
62 	     30.500 	            0.0011026 	            0.0000179 	        27925.3958581 
63 	     31.000 	            0.0011205 	            0.0000179 	        27925.2462460 
64 	     31.500 	            0.0011384 	            0.0000179 	        27925.1441401 
65 	     32.000 	            0.0011564 	            0.0000179 	        27924.5349471 
66 	     32.500 	            0.0011742 	            0.0000179 	        27925.1379012 
67 	     33.000 	            0.0011922 	            0.0000179 	        27924.2691942 
68 	     33.500 	            0.0012101 	            0.0000179 	        27924.6043790 
69 	     34.000 	            0.0012280 	            0.0000179 	        27924.1938160 
70 	     34.500 	            0.0012459 	            0.0000179 	        27925.0078443 
71 	     35.000 	            0.0012638 	            0.0000179 	        27924.4830557 
72 	     35.500 	            0.0012817 	            0.0000179 	        27923.9823794 
73 	     36.000 	            0.0012996 	            0.0000179 	        27923.8192696 
74 	     36.500 	            0.0013175 	            0.0000178 	        27925.0334833 
75 	     37.000 	            0.0013354 	            0.0000180 	        27923.9661715 
76 	     37.500 	            0.0013533 	            0.0000179 	        27924.1749641 
77 	     38.000 	            0.0013712 	            0.0000179 	        27924.2771966 
78 	     38.500 	            0.0013891 	            0.0000179 	        27924.4386850 
79 	     39.000 	            0.0014071 	            0.0000179 	        27924.1893945 
80 	     39.500 	            0.0014249 	            0.0000179 	        27924.7095188 
81 	     40.000 	            0.0014429 	            0.0000179 	        27924.5303861 
82 	     40.500 	            0.0014608 	            0.0000179 	        27923.8595878 
83 	     41.000 	            0.0014787 	            0.0000179 	        27924.3900910 
84 	     41.500 	            0.0014966 	            0.0000179 	        27924.3915761 
85 	     42.000 	            0.0015145 	            0.0000179 	        27924.2082899 
86 	     42.500 	            0.0015324 	            0.0000179 	        27924.4151874 
87 	     43.000 	            0.0015503 	            0.0000179 	        27924.5321052 
88 	     43.500 	            0.0015682 	            0.0000179 	        27924.4136555 
89 	     44.000 	            0.0015861 	            0.0000179 	        27924.5704404 
90 	     44.500 	            0.0016040 	            0.0000179 	        27924.3871438 
91 	     45.000 	            0.0016219 	            0.0000179 	        27923.8895901 
92 	     45.500 	            0.0016398 	            0.0000179 	        27924.1735301 
93 	     46.000 	            0.0016577 	            0.0000179 	        27924.4290365 
94 	     46.500 	            0.0016756 	            0.0000179 	        27924.5433925 
95 	     47.000 	            0.0016936 	            0.0000179 	        27924.0163318 
96 	     47.500 	            0.0017114 	            0.0000179 	        27924.4716244 
97 	     48.000 	            0.0017294 	            0.0000179 	        27924.2774142 
98 	     48.500 	            0.0017473 	            0.0000179 	        27923.7378980 
99 	     49.000 	            0.0017652 	            0.0000179 	        27924.2119414 
100 	     49.500 	            0.0017831 	            0.0000179 	        27924.5463947 
101 	     50.000 	            0.0018010 	            0.0000179 	        27924.0619867 
102 	     50.500 	            0.0018189 	            0.0000179 	        27924.3443316 
103 	     51.000 	            0.0018368 	            0.0000179 	        27924.0798988 
104 	     51.500 	            0.0018547 	            0.0000179 	        27923.9965757 
105 	     52.000 	            0.0018726 	            0.0000179 	        27924.2009399 
106 	     52.500 	            0.0018905 	            0.0000179 	        27924.3273877 
107 	     53.000 	            0.0019084 	            0.0000179 	        27924.1040535 
108 	     53.500 	            0.0019263 	            0.0000179 	        27924.2615292 
109 	     54.000 	            0.0019442 	            0.0000179 	        27923.9686572 
110 	     54.500 	            0.0019621 	            0.0000179 	        27924.1540972 
111 	     55.000 	            0.0019800 	            0.0000179 	        27924.2030166 
112 	     55.500 	            0.0019979 	            0.0000179 	        27924.2786454 
113 	     56.000 	            0.0020158 	            0.0000179 	        27924.3958399 
114 	     56.500 	            0.0020337 	            0.0000179 	        27924.3515718 
115 	     57.000 	            0.0020516 	            0.0000179 	        27924.3969399 
116 	     57.500 	            0.0020696 	            0.0000179 	        27923.9655420 
117 	     58.000 	            0.0020875 	            0.0000179 	        27924.4060619 
118 	     58.500 	            0.0021054 	            0.0000179 	        27924.3109218 
119 	     59.000 	            0.0021233 	            0.0000179 	        27924.1323483 
120 	     59.500 	            0.0021412 	            0.0000179 	        27924.3957142 
121 	     60.000 	            0.0021591 	            0.0000179 	        27924.1452095 
122 	     60.500 	            0.0021770 	            0.0000179 	        27924.6722943 
123 	     61.000 	            0.0021949 	            0.0000180 	        27924.0983272 
124 	     61.500 	            0.0022128 	            0.0000179 	        27924.0393518 
125 	     62.000 	            0.0022307 	            0.0000179 	        27924.2446140 
126 	     62.500 	            0.0022486 	            0.0000179 	        27924.3833342 
127 	     63.000 	            0.0022665 	            0.0000179 	        27924.2393307 
128 	     63.500 	            0.0022844 	            0.0000179 	        27924.3762879 
129 	     64.000 	            0.0023023 	            0.0000179 	        27924.1717250 
130 	     64.500 	            0.0023202 	            0.0000179 	        27924.1812541 
131 	     65.000 	            0.0023381 	            0.0000179 	        27924.3305331 
132 	     65.500 	            0.0023560 	            0.0000179 	        27924.3342703 
133 	     66.000 	            0.0023739 	            0.0000179 	        27924.4333527 
134 	     66.500 	            0.0023919 	            0.0000179 	        27924.3238895 
135 	     67.000 	            0.0024098 	            0.0000179 	        27924.3071662 
136 	     67.500 	            0.0024277 	            0.0000179 	        27924.5093826 
137 	     68.000 	            0.0024456 	            0.0000179 	        27924.4867277 
138 	     68.500 	            0.0024635 	            0.0000179 	        27924.6623704 
139 	     69.000 	            0.0024814 	            0.0000179 	        27924.5203165 
140 	     69.500 	            0.0024993 	            0.0000179 	        27924.4840618 
141 	     70.000 	            0.0025172 	            0.0000179 	        27924.5354531 
142 	     70.500 	            0.0025351 	            0.0000179 	        27924.4502095 
143 	     71.000 	            0.0025530 	            0.0000179 	        27924.3261447 
144 	     71.500 	            0.0025709 	            0.0000179 	        27924.2781057 
145 	     72.000 	            0.0025888 	            0.0000179 	        27924.4082416 
146 	     72.500 	            0.0026067 	            0.0000179 	        27924.5708175 
147 	     73.000 	            0.0026246 	            0.0000179 	        27924.4323400 
148 	     73.500 	            0.0026425 	            0.0000179 	        27924.6058605 
149 	     74.000 	            0.0026604 	            0.0000179 	        27924.3367097 
150 	     74.500 	            0.0026784 	            0.0000179 	        27924.1784161 
151 	     75.000 	            0.0026962 	            0.0000179 	        27924.6654292 
152 	     75.500 	            0.0027141 	            0.0000179 	        27924.5661936 
153 	     76.000 	            0.0027320 	            0.0000179 	        27924.6152593 
154 	     76.500 	            0.0027499 	            0.0000179 	        27924.6323322 
155 	     77.000 	            0.0027679 	            0.0000179 	        27924.3617244 
156 	     77.500 	            0.0027858 	            0.0000179 	        27924.6262848 
157 	     78.000 	            0.0028037 	            0.0000179 	        27924.4547416 
158 	     78.500 	            0.0028216 	            0.0000179 	        27924.6001120 
159 	     79.000 	            0.0028395 	            0.0000179 	        27924.5756796 
160 	     79.500 	            0.0028573 	            0.0000179 	        27924.8902215 
161 	     80.000 	            0.0028753 	            0.0000180 	        27924.4519928 
162 	     80.500 	            0.0028932 	            0.0000179 	        27924.7715289 
163 	     81.000 	            0.0029111 	            0.0000179 	        27924.5950514 
164 	     81.500 	            0.0029290 	            0.0000179 	        27924.6090888 
165 	     82.000 	            0.0029469 	            0.0000179 	        27924.5474661 
166 	     82.500 	            0.0029648 	            0.0000179 	        27924.7617035 
167 	     83.000 	            0.0029827 	            0.0000179 	        27924.6146858 
168 	     83.500 	            0.0030006 	            0.0000179 	        27924.6430020 
169 	     84.000 	            0.0030185 	            0.0000179 	        27924.7354301 
170 	     84.500 	            0.0030364 	            0.0000179 	        27924.6376065 
171 	     85.000 	            0.0030543 	            0.0000179 	        27924.5752092 
172 	     85.500 	            0.0030722 	            0.0000179 	        27924.6378424 
173 	     86.000 	            0.0030902 	            0.0000179 	        27924.4774719 
174 	     86.500 	            0.0031081 	            0.0000179 	        27924.5410755 
175 	     87.000 	            0.0031260 	            0.0000179 	        27924.4942169 
176 	     87.500 	            0.0031439 	            0.0000179 	        27924.4668944 
177 	     88.000 	            0.0031618 	            0.0000179 	        27924.6258894 
178 	     88.500 	            0.0031797 	            0.0000179 	        27924.6665843 
179 	     89.000 	            0.0031976 	            0.0000179 	        27924.5610394 
180 	     89.500 	            0.0032155 	            0.0000179 	        27924.7864746 
181 	     90.000 	            0.0032334 	            0.0000179 	        27924.8704538 
182 	     90.500 	            0.0032513 	            0.0000179 	        27924.6990481 
183 	     91.000 	            0.0032692 	            0.0000179 	        27924.5911745 
184 	     91.500 	            0.0032871 	            0.0000179 	        27924.4279732 
185 	     92.000 	            0.0033050 	            0.0000179 	        27924.5631106 
186 	     92.500 	            0.0033229 	            0.0000179 	        27924.5842832 
187 	     93.000 	            0.0033408 	            0.0000179 	        27924.5950985 
188 	     93.500 	            0.0033587 	            0.0000179 	        27924.4329298 
189 	     94.000 	            0.0033766 	            0.0000179 	        27924.5628931 
190 	     94.500 	            0.0033945 	            0.0000179 	        27924.7105709 
191 	     95.000 	            0.0034124 	            0.0000179 	        27924.5708982 
192 	     95.500 	            0.0034304 	            0.0000180 	        27924.1234997 
193 	     96.000 	            0.0034483 	            0.0000179 	        27924.5611002 
194 	     96.500 	            0.0034662 	            0.0000179 	        27924.6564946 
195 	     97.000 	            0.0034840 	            0.0000179 	        27924.7844067 
196 	     97.500 	            0.0035020 	            0.0000179 	        27924.5084130 
197 	     98.000 	            0.0035199 	            0.0000179 	        27924.5344572 
198 	     98.500 	            0.0035378 	            0.0000179 	        27924.3316797 
199 	     99.000 	            0.0035557 	            0.0000179 	        27924.4261515 
200 	     99.500 	            0.0035736 	            0.0000179 	        27924.5178091 
201 	    100.000 	            0.0035915 	            0.0000179 	        27924.4176080 
202 	    100.500 	            0.0036094 	            0.0000179 	        27924.3869090 
203 	    101.000 	            0.0036273 	            0.0000179 	        27924.3931313 
204 	    101.500 	            0.0036452 	            0.0000179 	        27924.3162036 
205 	    102.000 	            0.0036632 	            0.0000179 	        27924.2908594 
206 	    102.500 	            0.0036811 	            0.0000179 	        27924.3800983 
207 	    103.000 	            0.0036990 	            0.0000179 	        27924.2048261 
208 	    103.500 	            0.0037169 	            0.0000179 	        27924.2552420 
209 	    104.000 	            0.0037348 	            0.0000179 	        27924.1794897 
210 	    104.500 	            0.0037527 	            0.0000179 	        27924.3159987 
211 	    105.000 	            0.0037706 	            0.0000179 	        27924.2031686 
212 	    105.500 	            0.0037885 	            0.0000179 	        27924.1189697 
213 	    106.000 	            0.0038064 	            0.0000179 	        27924.1896549 
214 	    106.500 	            0.0038243 	            0.0000179 	        27924.1592047 
215 	    107.000 	            0.0038423 	            0.0000179 	        27923.9819777 
216 	    107.500 	            0.0038602 	            0.0000179 	        27924.0557027 
217 	    108.000 	            0.0038780 	            0.0000179 	        27924.1131069 
218 	    108.500 	            0.0038959 	            0.0000179 	        27924.1924620 
219 	    109.000 	            0.0039139 	            0.0000179 	        27924.0204614 
220 	    109.500 	            0.0039318 	            0.0000179 	        27924.0414510 
221 	    110.000 	            0.0039497 	            0.0000179 	        27923.9719795 
222 	    110.500 	            0.0039677 	            0.0000180 	        27923.1468111 
223 	    111.000 	            0.0039855 	            0.0000178 	        27923.6746654 
224 	    111.500 	            0.0040034 	            0.0000178 	        27924.3369141 
225 	    112.000 	            0.0040213 	            0.0000180 	        27923.8397387 
226 	    112.500 	            0.0040393 	            0.0000179 	        27923.6766076 
227 	    113.000 	            0.0040571 	            0.0000179 	        27923.9624004 
228 	    113.500 	            0.0040750 	            0.0000179 	        27923.8563327 
229 	    114.000 	            0.0040930 	            0.0000179 	        27923.8443791 
230 	    114.500 	            0.0041109 	            0.0000179 	        27923.6902154 
231 	    115.000 	            0.0041288 	            0.0000179 	        27923.7042568 
232 	    115.500 	            0.0041467 	            0.0000179 	        27923.5002459 
233 	    116.000 	            0.0041646 	            0.0000179 	        27923.6486655 
234 	    116.500 	            0.0041825 	            0.0000179 	        27923.6306173 
235 	    117.000 	            0.0042004 	            0.0000179 	        27923.6065208 
236 	    117.500 	            0.0042184 	            0.0000179 	        27923.4450110 
237 	    118.000 	            0.0042362 	            0.0000179 	        27923.5775493 
238 	    118.500 	            0.0042541 	            0.0000179 	        27923.5885771 
239 	    119.000 	            0.0042721 	            0.0000179 	        27923.4469581 
240 	    119.500 	            0.0042900 	            0.0000179 	        27923.3903159 
241 	    120.000 	            0.0043079 	            0.0000179 	        27923.2646530 
242 	    120.500 	            0.0043258 	            0.0000179 	        27923.1427441 
243 	    121.000 	            0.0043438 	            0.0000179 	        27922.9812988 
244 	    121.500 	            0.0043616 	            0.0000179 	        27923.2597628 
245 	    122.000 	            0.0043795 	            0.0000179 	        27923.2433772 
246 	    122.500 	            0.0043974 	            0.0000179 	        27923.4074535 
247 	    123.000 	            0.0044153 	            0.0000179 	        27923.6886321 
248 	    123.500 	            0.0044333 	            0.0000180 	        27923.3009172 
249 	    124.000 	            0.0044512 	            0.0000179 	        27923.1445671 
250 	    124.500 	            0.0044692 	            0.0000180 	        27922.7287857 
251 	    125.000 	            0.0044870 	            0.0000178 	        27923.0923905 
252 	    125.500 	            0.0045049 	            0.0000179 	        27922.8946678 
253 	    126.000 	            0.0045228 	            0.0000179 	        27922.9794758 
254 	    126.500 	            0.0045407 	            0.0000179 	        27923.0135006 
255 	    127.000 	            0.0045586 	            0.0000179 	        27923.0049839 
256 	    127.500 	            0.0045766 	            0.0000179 	        27922.8210053 
257 	    128.000 	            0.0045945 	            0.0000179 	        27922.9945719 
258 	    128.500 	            0.0046125 	            0.0000180 	        27922.4320184 
259 	    129.000 	            0.0046303 	            0.0000179 	        27922.6656589 
260 	    129.500 	            0.0046482 	            0.0000179 	        27922.7468956 
261 	    130.000 	            0.0046661 	            0.0000179 	        27922.9942864 
262 	    130.500 	            0.0046841 	            0.0000180 	        27922.4125426 
263 	    131.000 	            0.0047020 	            0.0000179 	        27922.4066163 
264 	    131.500 	            0.0047199 	            0.0000179 	        27922.3525193 
265 	    132.000 	            0.0047378 	            0.0000179 	        27922.5136535 
266 	    132.500 	            0.0047558 	            0.0000180 	        27922.2004125 
267 	    133.000 	            0.0047736 	            0.0000179 	        27922.2514468 
268 	    133.500 	            0.0047916 	            0.0000179 	        27922.2792053 
269 	    134.000 	            0.0048094 	            0.0000178 	        27922.7122959 
270 	    134.500 	            0.0048274 	            0.0000180 	        27922.3061347 
271 	    135.000 	            0.0048453 	            0.0000180 	        27922.0238450 
272 	    135.500 	            0.0048633 	            0.0000180 	        27921.5847994 
273 	    136.000 	            0.0048811 	            0.0000178 	        27922.0257323 
274 	    136.500 	            0.0048991 	            0.0000180 	        27921.7101509 
275 	    137.000 	            0.0049169 	            0.0000178 	        27922.1569068 
276 	    137.500 	            0.0049349 	            0.0000180 	        27921.5776570 
277 	    138.000 	            0.0049528 	            0.0000178 	        27921.9296036 
278 	    138.500 	            0.0049708 	            0.0000180 	        27921.2347633 
279 	    139.000 	            0.0049887 	            0.0000179 	        27921.4974930 
