# Zc 	 Nc 	 t0 (s) 	 elapsed time (s) 	 F (Hz) 
1 	      0.000 	            0.0000117 	            0.0000000 	            0.0000000 
2 	      0.500 	            0.0000296 	            0.0000179 	        27944.1948266 
3 	      1.000 	            0.0000475 	            0.0000179 	        27939.3221858 
4 	      1.500 	            0.0000654 	            0.0000179 	        27928.5087979 
5 	      2.000 	            0.0000833 	            0.0000179 	        27927.4233151 
6 	      2.500 	            0.0001012 	            0.0000179 	        27925.0706825 
7 	      3.000 	            0.0001191 	            0.0000179 	        27926.1161798 
8 	      3.500 	            0.0001371 	            0.0000179 	        27924.4308725 
9 	      4.000 	            0.0001549 	            0.0000179 	        27930.9366022 
10 	      4.500 	            0.0001729 	            0.0000179 	        27928.0837257 
11 	      5.000 	            0.0001908 	            0.0000179 	        27928.3039769 
12 	      5.500 	            0.0002087 	            0.0000179 	        27927.1150037 
13 	      6.000 	            0.0002266 	            0.0000179 	        27926.5173306 
14 	      6.500 	            0.0002445 	            0.0000179 	        27927.4225525 
15 	      7.000 	            0.0002624 	            0.0000179 	        27926.4114561 
16 	      7.500 	            0.0002803 	            0.0000179 	        27925.4771950 
17 	      8.000 	            0.0002982 	            0.0000179 	        27926.6795904 
18 	      8.500 	            0.0003161 	            0.0000179 	        27927.9288823 
19 	      9.000 	            0.0003340 	            0.0000179 	        27925.9553423 
20 	      9.500 	            0.0003519 	            0.0000179 	        27927.7618192 
21 	     10.000 	            0.0003698 	            0.0000179 	        27926.8320494 
22 	     10.500 	            0.0003877 	            0.0000179 	        27925.4711288 
23 	     11.000 	            0.0004056 	            0.0000179 	        27926.8875860 
24 	     11.500 	            0.0004235 	            0.0000179 	        27924.9797586 
25 	     12.000 	            0.0004414 	            0.0000179 	        27926.7223010 
26 	     12.500 	            0.0004593 	            0.0000179 	        27926.6640535 
27 	     13.000 	            0.0004772 	            0.0000179 	        27925.4523287 
28 	     13.500 	            0.0004951 	            0.0000179 	        27925.8301748 
29 	     14.000 	            0.0005130 	            0.0000179 	        27927.2028528 
30 	     14.500 	            0.0005310 	            0.0000180 	        27923.9152092 
31 	     15.000 	            0.0005488 	            0.0000179 	        27926.6459242 
32 	     15.500 	            0.0005668 	            0.0000179 	        27924.6447380 
33 	     16.000 	            0.0005847 	            0.0000179 	        27925.4668708 
34 	     16.500 	            0.0006026 	            0.0000179 	        27926.1626701 
35 	     17.000 	            0.0006205 	            0.0000179 	        27926.8720888 
36 	     17.500 	            0.0006384 	            0.0000180 	        27924.3623572 
37 	     18.000 	            0.0006563 	            0.0000179 	        27926.6404178 
38 	     18.500 	            0.0006742 	            0.0000179 	        27925.1643364 
39 	     19.000 	            0.0006921 	            0.0000179 	        27925.7841078 
40 	     19.500 	            0.0007100 	            0.0000179 	        27925.5354282 
41 	     20.000 	            0.0007279 	            0.0000179 	        27926.0310460 
42 	     20.500 	            0.0007459 	            0.0000179 	        27924.3126104 
43 	     21.000 	            0.0007637 	            0.0000179 	        27925.1232645 
44 	     21.500 	            0.0007816 	            0.0000179 	        27925.1359587 
45 	     22.000 	            0.0007995 	            0.0000179 	        27924.9145455 
46 	     22.500 	            0.0008175 	            0.0000179 	        27924.0543236 
47 	     23.000 	            0.0008353 	            0.0000179 	        27925.3259306 
48 	     23.500 	            0.0008533 	            0.0000179 	        27924.7845876 
49 	     24.000 	            0.0008712 	            0.0000179 	        27925.1745452 
50 	     24.500 	            0.0008891 	            0.0000179 	        27924.5636348 
51 	     25.000 	            0.0009070 	            0.0000179 	        27924.8097774 
52 	     25.500 	            0.0009249 	            0.0000179 	        27924.4487063 
53 	     26.000 	            0.0009428 	            0.0000179 	        27925.3499350 
54 	     26.500 	            0.0009607 	            0.0000179 	        27924.8716476 
55 	     27.000 	            0.0009786 	            0.0000179 	        27925.1936660 
56 	     27.500 	            0.0009965 	            0.0000179 	        27924.1602786 
57 	     28.000 	            0.0010144 	            0.0000179 	        27924.7724276 
58 	     28.500 	            0.0010324 	            0.0000179 	        27923.9486493 
59 	     29.000 	            0.0010502 	            0.0000179 	        27924.6182563 
60 	     29.500 	            0.0010682 	            0.0000179 	        27923.5852791 
61 	     30.000 	            0.0010860 	            0.0000178 	        27925.2810662 
62 	     30.500 	            0.0011040 	            0.0000179 	        27924.2726024 
63 	     31.000 	            0.0011219 	            0.0000179 	        27924.4573912 
64 	     31.500 	            0.0011398 	            0.0000179 	        27924.3007958 
65 	     32.000 	            0.0011577 	            0.0000179 	        27924.5059362 
66 	     32.500 	            0.0011756 	            0.0000179 	        27923.9319654 
67 	     33.000 	            0.0011934 	            0.0000178 	        27925.3976306 
68 	     33.500 	            0.0012114 	            0.0000180 	        27923.9678761 
69 	     34.000 	            0.0012293 	            0.0000179 	        27924.8557232 
70 	     34.500 	            0.0012472 	            0.0000179 	        27923.8621887 
71 	     35.000 	            0.0012651 	            0.0000179 	        27925.0207517 
72 	     35.500 	            0.0012830 	            0.0000180 	        27923.7822274 
73 	     36.000 	            0.0013009 	            0.0000179 	        27924.6180703 
74 	     36.500 	            0.0013188 	            0.0000179 	        27924.1112520 
75 	     37.000 	            0.0013367 	            0.0000179 	        27924.7549186 
76 	     37.500 	            0.0013547 	            0.0000180 	        27923.2976102 
77 	     38.000 	            0.0013725 	            0.0000179 	        27924.3000895 
78 	     38.500 	            0.0013905 	            0.0000179 	        27923.8746923 
79 	     39.000 	            0.0014083 	            0.0000179 	        27924.7239182 
80 	     39.500 	            0.0014263 	            0.0000179 	        27923.9176045 
81 	     40.000 	            0.0014442 	            0.0000179 	        27924.0371561 
82 	     40.500 	            0.0014621 	            0.0000179 	        27924.2469269 
83 	     41.000 	            0.0014800 	            0.0000179 	        27923.9036324 
84 	     41.500 	            0.0014979 	            0.0000179 	        27924.2583413 
85 	     42.000 	            0.0015158 	            0.0000179 	        27924.1105250 
86 	     42.500 	            0.0015337 	            0.0000179 	        27924.1707386 
87 	     43.000 	            0.0015516 	            0.0000179 	        27923.8290927 
88 	     43.500 	            0.0015695 	            0.0000179 	        27924.2574168 
89 	     44.000 	            0.0015874 	            0.0000179 	        27924.3377742 
90 	     44.500 	            0.0016053 	            0.0000179 	        27923.9414083 
91 	     45.000 	            0.0016232 	            0.0000179 	        27924.1221420 
92 	     45.500 	            0.0016411 	            0.0000179 	        27924.2070581 
93 	     46.000 	            0.0016590 	            0.0000179 	        27924.5584357 
94 	     46.500 	            0.0016770 	            0.0000179 	        27924.0947357 
95 	     47.000 	            0.0016948 	            0.0000179 	        27924.3218990 
96 	     47.500 	            0.0017128 	            0.0000179 	        27923.8889143 
97 	     48.000 	            0.0017307 	            0.0000179 	        27924.2561711 
98 	     48.500 	            0.0017486 	            0.0000179 	        27923.9324502 
99 	     49.000 	            0.0017665 	            0.0000179 	        27923.8361894 
100 	     49.500 	            0.0017844 	            0.0000179 	        27923.8077616 
101 	     50.000 	            0.0018023 	            0.0000179 	        27924.3598625 
102 	     50.500 	            0.0018202 	            0.0000179 	        27923.8583585 
103 	     51.000 	            0.0018381 	            0.0000179 	        27924.3533974 
104 	     51.500 	            0.0018560 	            0.0000179 	        27923.7458082 
105 	     52.000 	            0.0018739 	            0.0000179 	        27924.0455986 
106 	     52.500 	            0.0018918 	            0.0000179 	        27924.6922278 
107 	     53.000 	            0.0019097 	            0.0000179 	        27924.5227556 
108 	     53.500 	            0.0019276 	            0.0000179 	        27924.1463668 
109 	     54.000 	            0.0019455 	            0.0000179 	        27924.1151866 
110 	     54.500 	            0.0019634 	            0.0000179 	        27924.5132848 
111 	     55.000 	            0.0019813 	            0.0000179 	        27924.3647357 
112 	     55.500 	            0.0019992 	            0.0000179 	        27924.3819282 
113 	     56.000 	            0.0020172 	            0.0000179 	        27924.0085555 
114 	     56.500 	            0.0020351 	            0.0000179 	        27924.2310870 
115 	     57.000 	            0.0020530 	            0.0000179 	        27924.2963922 
116 	     57.500 	            0.0020709 	            0.0000179 	        27924.0139771 
117 	     58.000 	            0.0020888 	            0.0000179 	        27924.0655246 
118 	     58.500 	            0.0021067 	            0.0000179 	        27923.9390813 
119 	     59.000 	            0.0021246 	            0.0000179 	        27924.1022875 
120 	     59.500 	            0.0021425 	            0.0000179 	        27924.3344947 
121 	     60.000 	            0.0021604 	            0.0000179 	        27924.2675332 
122 	     60.500 	            0.0021783 	            0.0000179 	        27924.3262781 
123 	     61.000 	            0.0021962 	            0.0000179 	        27924.7128814 
124 	     61.500 	            0.0022141 	            0.0000180 	        27923.9245774 
125 	     62.000 	            0.0022320 	            0.0000179 	        27924.1463011 
126 	     62.500 	            0.0022499 	            0.0000179 	        27924.1371346 
127 	     63.000 	            0.0022678 	            0.0000179 	        27924.4683998 
128 	     63.500 	            0.0022858 	            0.0000179 	        27924.0041346 
129 	     64.000 	            0.0023036 	            0.0000179 	        27924.3583722 
130 	     64.500 	            0.0023215 	            0.0000179 	        27924.3405719 
131 	     65.000 	            0.0023394 	            0.0000179 	        27924.3837376 
132 	     65.500 	            0.0023573 	            0.0000179 	        27924.3795353 
133 	     66.000 	            0.0023752 	            0.0000179 	        27924.7121359 
134 	     66.500 	            0.0023932 	            0.0000179 	        27924.2286669 
135 	     67.000 	            0.0024111 	            0.0000179 	        27924.0566560 
136 	     67.500 	            0.0024290 	            0.0000179 	        27924.2094998 
137 	     68.000 	            0.0024468 	            0.0000179 	        27924.7253249 
138 	     68.500 	            0.0024648 	            0.0000179 	        27924.4835451 
139 	     69.000 	            0.0024827 	            0.0000179 	        27924.6146175 
140 	     69.500 	            0.0025006 	            0.0000179 	        27924.2369191 
141 	     70.000 	            0.0025185 	            0.0000179 	        27924.2730498 
142 	     70.500 	            0.0025364 	            0.0000179 	        27924.3977051 
143 	     71.000 	            0.0025543 	            0.0000179 	        27924.5760782 
144 	     71.500 	            0.0025722 	            0.0000179 	        27924.4453406 
145 	     72.000 	            0.0025901 	            0.0000179 	        27924.6455330 
146 	     72.500 	            0.0026080 	            0.0000179 	        27924.1819495 
147 	     73.000 	            0.0026259 	            0.0000179 	        27924.4703437 
148 	     73.500 	            0.0026438 	            0.0000179 	        27924.4945447 
149 	     74.000 	            0.0026617 	            0.0000179 	        27924.3896913 
150 	     74.500 	            0.0026796 	            0.0000179 	        27924.4669698 
151 	     75.000 	            0.0026976 	            0.0000179 	        27924.3408129 
152 	     75.500 	            0.0027154 	            0.0000179 	        27924.5360378 
153 	     76.000 	            0.0027333 	            0.0000179 	        27924.5998282 
154 	     76.500 	            0.0027512 	            0.0000179 	        27924.5436626 
155 	     77.000 	            0.0027692 	            0.0000179 	        27924.5374239 
156 	     77.500 	            0.0027871 	            0.0000179 	        27924.5025179 
157 	     78.000 	            0.0028049 	            0.0000179 	        27924.9950792 
158 	     78.500 	            0.0028229 	            0.0000180 	        27924.2050557 
159 	     79.000 	            0.0028408 	            0.0000179 	        27924.4849317 
160 	     79.500 	            0.0028587 	            0.0000179 	        27924.1331455 
161 	     80.000 	            0.0028766 	            0.0000179 	        27924.6087808 
162 	     80.500 	            0.0028945 	            0.0000179 	        27924.4597622 
163 	     81.000 	            0.0029124 	            0.0000179 	        27924.8415958 
164 	     81.500 	            0.0029303 	            0.0000180 	        27924.2908186 
165 	     82.000 	            0.0029482 	            0.0000179 	        27924.5341314 
166 	     82.500 	            0.0029661 	            0.0000179 	        27924.4464593 
167 	     83.000 	            0.0029840 	            0.0000179 	        27924.7708727 
168 	     83.500 	            0.0030019 	            0.0000179 	        27924.4418579 
169 	     84.000 	            0.0030198 	            0.0000179 	        27924.3801359 
170 	     84.500 	            0.0030377 	            0.0000179 	        27924.6183364 
171 	     85.000 	            0.0030557 	            0.0000179 	        27924.4293388 
172 	     85.500 	            0.0030735 	            0.0000179 	        27924.5997724 
173 	     86.000 	            0.0030914 	            0.0000179 	        27924.6593804 
174 	     86.500 	            0.0031094 	            0.0000179 	        27924.5353766 
175 	     87.000 	            0.0031273 	            0.0000179 	        27924.5204553 
176 	     87.500 	            0.0031452 	            0.0000179 	        27924.4541469 
177 	     88.000 	            0.0031631 	            0.0000179 	        27924.5827152 
178 	     88.500 	            0.0031810 	            0.0000179 	        27924.4837693 
179 	     89.000 	            0.0031989 	            0.0000179 	        27924.6832506 
180 	     89.500 	            0.0032168 	            0.0000179 	        27924.7307180 
181 	     90.000 	            0.0032347 	            0.0000179 	        27924.4249415 
182 	     90.500 	            0.0032526 	            0.0000179 	        27924.6271997 
183 	     91.000 	            0.0032705 	            0.0000179 	        27924.5388067 
184 	     91.500 	            0.0032884 	            0.0000179 	        27924.5722976 
185 	     92.000 	            0.0033063 	            0.0000179 	        27924.7566561 
186 	     92.500 	            0.0033242 	            0.0000179 	        27924.3820099 
187 	     93.000 	            0.0033421 	            0.0000179 	        27924.6310054 
188 	     93.500 	            0.0033600 	            0.0000179 	        27924.6804575 
189 	     94.000 	            0.0033780 	            0.0000179 	        27924.3512338 
190 	     94.500 	            0.0033959 	            0.0000179 	        27924.3884116 
191 	     95.000 	            0.0034137 	            0.0000179 	        27924.5822562 
192 	     95.500 	            0.0034317 	            0.0000179 	        27924.4336639 
193 	     96.000 	            0.0034496 	            0.0000179 	        27924.3131626 
194 	     96.500 	            0.0034675 	            0.0000179 	        27924.5315217 
195 	     97.000 	            0.0034854 	            0.0000179 	        27924.6139652 
196 	     97.500 	            0.0035033 	            0.0000179 	        27924.2767667 
197 	     98.000 	            0.0035212 	            0.0000179 	        27924.2034621 
198 	     98.500 	            0.0035391 	            0.0000179 	        27924.2889603 
199 	     99.000 	            0.0035570 	            0.0000179 	        27924.6117717 
200 	     99.500 	            0.0035749 	            0.0000179 	        27924.5443730 
201 	    100.000 	            0.0035928 	            0.0000179 	        27924.2656628 
202 	    100.500 	            0.0036107 	            0.0000179 	        27924.5302340 
203 	    101.000 	            0.0036286 	            0.0000179 	        27924.2565503 
204 	    101.500 	            0.0036466 	            0.0000179 	        27924.1339796 
205 	    102.000 	            0.0036645 	            0.0000179 	        27924.0433909 
206 	    102.500 	            0.0036823 	            0.0000179 	        27924.3866278 
207 	    103.000 	            0.0037003 	            0.0000179 	        27924.3098533 
208 	    103.500 	            0.0037181 	            0.0000179 	        27924.4696560 
209 	    104.000 	            0.0037361 	            0.0000179 	        27924.2295983 
210 	    104.500 	            0.0037540 	            0.0000179 	        27924.3003612 
211 	    105.000 	            0.0037719 	            0.0000179 	        27924.4644928 
212 	    105.500 	            0.0037898 	            0.0000179 	        27924.3358745 
213 	    106.000 	            0.0038078 	            0.0000180 	        27923.7555242 
214 	    106.500 	            0.0038256 	            0.0000179 	        27924.1069827 
215 	    107.000 	            0.0038436 	            0.0000179 	        27923.9451258 
216 	    107.500 	            0.0038614 	            0.0000179 	        27924.3442081 
217 	    108.000 	            0.0038793 	            0.0000179 	        27924.2698264 
218 	    108.500 	            0.0038973 	            0.0000179 	        27924.0801973 
219 	    109.000 	            0.0039152 	            0.0000179 	        27923.8740232 
220 	    109.500 	            0.0039330 	            0.0000179 	        27924.2375547 
221 	    110.000 	            0.0039510 	            0.0000179 	        27923.9659814 
222 	    110.500 	            0.0039689 	            0.0000179 	        27923.9437635 
223 	    111.000 	            0.0039868 	            0.0000179 	        27924.1965229 
224 	    111.500 	            0.0040047 	            0.0000179 	        27923.9673736 
225 	    112.000 	            0.0040227 	            0.0000179 	        27923.6693192 
226 	    112.500 	            0.0040406 	            0.0000179 	        27923.7111078 
227 	    113.000 	            0.0040584 	            0.0000179 	        27924.0426174 
228 	    113.500 	            0.0040764 	            0.0000180 	        27923.6565209 
229 	    114.000 	            0.0040942 	            0.0000179 	        27923.9098508 
230 	    114.500 	            0.0041122 	            0.0000179 	        27923.8085615 
231 	    115.000 	            0.0041301 	            0.0000179 	        27923.5478458 
232 	    115.500 	            0.0041480 	            0.0000179 	        27923.6988049 
233 	    116.000 	            0.0041659 	            0.0000179 	        27923.9255105 
234 	    116.500 	            0.0041838 	            0.0000180 	        27923.4874834 
235 	    117.000 	            0.0042017 	            0.0000179 	        27923.6741618 
236 	    117.500 	            0.0042196 	            0.0000179 	        27923.5366453 
237 	    118.000 	            0.0042376 	            0.0000180 	        27923.0469156 
238 	    118.500 	            0.0042555 	            0.0000179 	        27923.1617262 
239 	    119.000 	            0.0042734 	            0.0000179 	        27923.0771565 
240 	    119.500 	            0.0042913 	            0.0000179 	        27923.2464333 
241 	    120.000 	            0.0043092 	            0.0000179 	        27923.2251454 
242 	    120.500 	            0.0043271 	            0.0000179 	        27923.3351363 
243 	    121.000 	            0.0043451 	            0.0000180 	        27922.7607198 
244 	    121.500 	            0.0043629 	            0.0000178 	        27923.5876580 
245 	    122.000 	            0.0043809 	            0.0000180 	        27923.1149884 
246 	    122.500 	            0.0043988 	            0.0000179 	        27922.9538691 
247 	    123.000 	            0.0044167 	            0.0000179 	        27922.9826960 
248 	    123.500 	            0.0044346 	            0.0000179 	        27922.9876749 
249 	    124.000 	            0.0044525 	            0.0000179 	        27923.2175769 
250 	    124.500 	            0.0044703 	            0.0000179 	        27923.5028750 
251 	    125.000 	            0.0044883 	            0.0000180 	        27922.9018849 
252 	    125.500 	            0.0045063 	            0.0000180 	        27922.4915871 
253 	    126.000 	            0.0045241 	            0.0000178 	        27922.9175462 
254 	    126.500 	            0.0045421 	            0.0000179 	        27922.8561526 
255 	    127.000 	            0.0045599 	            0.0000178 	        27923.3011180 
256 	    127.500 	            0.0045779 	            0.0000180 	        27922.5928250 
257 	    128.000 	            0.0045958 	            0.0000179 	        27922.5470666 
258 	    128.500 	            0.0046137 	            0.0000179 	        27922.8038556 
259 	    129.000 	            0.0046317 	            0.0000180 	        27922.2889780 
260 	    129.500 	            0.0046496 	            0.0000179 	        27922.4561909 
261 	    130.000 	            0.0046675 	            0.0000179 	        27922.4530269 
262 	    130.500 	            0.0046853 	            0.0000178 	        27923.1872250 
263 	    131.000 	            0.0047032 	            0.0000179 	        27923.0590862 
264 	    131.500 	            0.0047211 	            0.0000180 	        27922.7271583 
265 	    132.000 	            0.0047392 	            0.0000181 	        27921.8543192 
266 	    132.500 	            0.0047570 	            0.0000178 	        27922.2924727 
267 	    133.000 	            0.0047752 	            0.0000181 	        27920.9852382 
268 	    133.500 	            0.0047928 	            0.0000176 	        27922.6508078 
269 	    134.000 	            0.0048108 	            0.0000180 	        27922.2474418 
270 	    134.500 	            0.0048287 	            0.0000180 	        27921.8730107 
271 	    135.000 	            0.0048466 	            0.0000178 	        27922.3045986 
272 	    135.500 	            0.0048645 	            0.0000179 	        27922.2335458 
273 	    136.000 	            0.0048824 	            0.0000179 	        27922.0676104 
274 	    136.500 	            0.0049004 	            0.0000180 	        27921.6731232 
275 	    137.000 	            0.0049183 	            0.0000179 	        27921.8842904 
276 	    137.500 	            0.0049362 	            0.0000179 	        27922.0272594 
277 	    138.000 	            0.0049541 	            0.0000180 	        27921.7740729 
278 	    138.500 	            0.0049720 	            0.0000179 	        27922.0436254 
279 	    139.000 	            0.0049900 	            0.0000181 	        27921.1146565 
