# Zc 	 Nc 	 t0 (s) 	 elapsed time (s) 	 F (Hz) 
1 	      0.000 	            0.0000104 	            0.0000000 	            0.0000000 
2 	      0.500 	            0.0000283 	            0.0000179 	        27908.9967036 
3 	      1.000 	            0.0000462 	            0.0000179 	        27938.6867982 
4 	      1.500 	            0.0000641 	            0.0000179 	        27927.8934023 
5 	      2.000 	            0.0000820 	            0.0000179 	        27925.5572307 
6 	      2.500 	            0.0000999 	            0.0000179 	        27927.5670958 
7 	      3.000 	            0.0001178 	            0.0000179 	        27928.1264932 
8 	      3.500 	            0.0001357 	            0.0000179 	        27926.3953289 
9 	      4.000 	            0.0001536 	            0.0000179 	        27928.5640559 
10 	      4.500 	            0.0001715 	            0.0000179 	        27927.9482047 
11 	      5.000 	            0.0001894 	            0.0000179 	        27926.8585309 
12 	      5.500 	            0.0002073 	            0.0000179 	        27926.0223947 
13 	      6.000 	            0.0002252 	            0.0000179 	        27926.4255855 
14 	      6.500 	            0.0002431 	            0.0000179 	        27928.5947570 
15 	      7.000 	            0.0002610 	            0.0000179 	        27927.6464323 
16 	      7.500 	            0.0002790 	            0.0000179 	        27926.9598559 
17 	      8.000 	            0.0002969 	            0.0000179 	        27926.2391028 
18 	      8.500 	            0.0003148 	            0.0000179 	        27927.7039828 
19 	      9.000 	            0.0003327 	            0.0000179 	        27926.2883093 
20 	      9.500 	            0.0003506 	            0.0000179 	        27926.4011365 
21 	     10.000 	            0.0003685 	            0.0000179 	        27925.6122078 
22 	     10.500 	            0.0003864 	            0.0000179 	        27927.6505410 
23 	     11.000 	            0.0004043 	            0.0000179 	        27926.6034247 
24 	     11.500 	            0.0004222 	            0.0000179 	        27926.3465535 
25 	     12.000 	            0.0004401 	            0.0000179 	        27926.6381833 
26 	     12.500 	            0.0004580 	            0.0000179 	        27926.3172105 
27 	     13.000 	            0.0004759 	            0.0000179 	        27926.0633968 
28 	     13.500 	            0.0004938 	            0.0000179 	        27926.3649032 
29 	     14.000 	            0.0005117 	            0.0000179 	        27926.4497251 
30 	     14.500 	            0.0005296 	            0.0000179 	        27926.3825773 
31 	     15.000 	            0.0005475 	            0.0000179 	        27926.6812500 
32 	     15.500 	            0.0005655 	            0.0000179 	        27925.1619713 
33 	     16.000 	            0.0005834 	            0.0000179 	        27925.5008961 
34 	     16.500 	            0.0006013 	            0.0000179 	        27925.4618558 
35 	     17.000 	            0.0006192 	            0.0000179 	        27925.8457367 
36 	     17.500 	            0.0006371 	            0.0000179 	        27925.2232902 
37 	     18.000 	            0.0006550 	            0.0000179 	        27925.7827046 
38 	     18.500 	            0.0006729 	            0.0000179 	        27925.5525733 
39 	     19.000 	            0.0006908 	            0.0000179 	        27925.7450554 
40 	     19.500 	            0.0007087 	            0.0000179 	        27925.9759891 
41 	     20.000 	            0.0007266 	            0.0000179 	        27925.7099568 
42 	     20.500 	            0.0007445 	            0.0000179 	        27924.5952679 
43 	     21.000 	            0.0007624 	            0.0000179 	        27925.0560769 
44 	     21.500 	            0.0007803 	            0.0000179 	        27924.9124100 
45 	     22.000 	            0.0007982 	            0.0000179 	        27924.9588200 
46 	     22.500 	            0.0008161 	            0.0000179 	        27925.2018061 
47 	     23.000 	            0.0008340 	            0.0000179 	        27926.0083835 
48 	     23.500 	            0.0008519 	            0.0000179 	        27924.8664510 
49 	     24.000 	            0.0008698 	            0.0000179 	        27925.6050875 
50 	     24.500 	            0.0008877 	            0.0000179 	        27925.1254663 
51 	     25.000 	            0.0009056 	            0.0000179 	        27925.1976712 
52 	     25.500 	            0.0009236 	            0.0000179 	        27924.8857269 
53 	     26.000 	            0.0009414 	            0.0000179 	        27925.6772165 
54 	     26.500 	            0.0009594 	            0.0000179 	        27925.1463668 
55 	     27.000 	            0.0009773 	            0.0000179 	        27924.6688454 
56 	     27.500 	            0.0009952 	            0.0000179 	        27924.9215875 
57 	     28.000 	            0.0010131 	            0.0000179 	        27924.3363763 
58 	     28.500 	            0.0010310 	            0.0000179 	        27924.5447193 
59 	     29.000 	            0.0010489 	            0.0000179 	        27924.8588570 
60 	     29.500 	            0.0010668 	            0.0000179 	        27924.9913624 
61 	     30.000 	            0.0010847 	            0.0000179 	        27924.5555196 
62 	     30.500 	            0.0011026 	            0.0000179 	        27924.4750782 
63 	     31.000 	            0.0011205 	            0.0000179 	        27925.1365430 
64 	     31.500 	            0.0011385 	            0.0000180 	        27924.0215494 
65 	     32.000 	            0.0011563 	            0.0000179 	        27925.1901438 
66 	     32.500 	            0.0011742 	            0.0000179 	        27924.8469432 
67 	     33.000 	            0.0011921 	            0.0000179 	        27924.6723462 
68 	     33.500 	            0.0012101 	            0.0000179 	        27924.1529864 
69 	     34.000 	            0.0012280 	            0.0000179 	        27924.5056128 
70 	     34.500 	            0.0012459 	            0.0000179 	        27924.6222327 
71 	     35.000 	            0.0012638 	            0.0000179 	        27924.4218009 
72 	     35.500 	            0.0012817 	            0.0000179 	        27924.6025383 
73 	     36.000 	            0.0012996 	            0.0000179 	        27924.5866034 
74 	     36.500 	            0.0013175 	            0.0000179 	        27924.8311884 
75 	     37.000 	            0.0013354 	            0.0000179 	        27924.2534820 
76 	     37.500 	            0.0013533 	            0.0000179 	        27924.4913231 
77 	     38.000 	            0.0013712 	            0.0000179 	        27924.3211374 
78 	     38.500 	            0.0013891 	            0.0000179 	        27924.4911656 
79 	     39.000 	            0.0014070 	            0.0000179 	        27924.5799250 
80 	     39.500 	            0.0014249 	            0.0000179 	        27924.3999447 
81 	     40.000 	            0.0014428 	            0.0000179 	        27924.4508741 
82 	     40.500 	            0.0014607 	            0.0000179 	        27924.2837667 
83 	     41.000 	            0.0014787 	            0.0000179 	        27924.2150817 
84 	     41.500 	            0.0014966 	            0.0000179 	        27924.1389002 
85 	     42.000 	            0.0015145 	            0.0000179 	        27923.7016381 
86 	     42.500 	            0.0015324 	            0.0000179 	        27924.2324032 
87 	     43.000 	            0.0015503 	            0.0000179 	        27924.2368395 
88 	     43.500 	            0.0015682 	            0.0000179 	        27924.5723354 
89 	     44.000 	            0.0015861 	            0.0000179 	        27924.9302870 
90 	     44.500 	            0.0016040 	            0.0000180 	        27924.1271611 
91 	     45.000 	            0.0016219 	            0.0000179 	        27924.1637775 
92 	     45.500 	            0.0016398 	            0.0000179 	        27924.3714330 
93 	     46.000 	            0.0016577 	            0.0000179 	        27924.3658623 
94 	     46.500 	            0.0016756 	            0.0000179 	        27923.8173719 
95 	     47.000 	            0.0016935 	            0.0000179 	        27924.5563649 
96 	     47.500 	            0.0017114 	            0.0000179 	        27924.3230833 
97 	     48.000 	            0.0017293 	            0.0000179 	        27923.9882757 
98 	     48.500 	            0.0017473 	            0.0000179 	        27923.9531648 
99 	     49.000 	            0.0017652 	            0.0000179 	        27924.1327807 
100 	     49.500 	            0.0017831 	            0.0000179 	        27924.0581618 
101 	     50.000 	            0.0018010 	            0.0000179 	        27924.1686852 
102 	     50.500 	            0.0018189 	            0.0000179 	        27924.1670170 
103 	     51.000 	            0.0018367 	            0.0000179 	        27924.5139404 
104 	     51.500 	            0.0018547 	            0.0000180 	        27923.7637409 
105 	     52.000 	            0.0018726 	            0.0000179 	        27924.0554188 
106 	     52.500 	            0.0018905 	            0.0000179 	        27924.3723453 
107 	     53.000 	            0.0019084 	            0.0000179 	        27924.2891650 
108 	     53.500 	            0.0019263 	            0.0000179 	        27924.5783197 
109 	     54.000 	            0.0019442 	            0.0000179 	        27924.3352474 
110 	     54.500 	            0.0019621 	            0.0000179 	        27924.2265800 
111 	     55.000 	            0.0019800 	            0.0000179 	        27924.1415642 
112 	     55.500 	            0.0019979 	            0.0000179 	        27923.9409122 
113 	     56.000 	            0.0020158 	            0.0000179 	        27924.1643567 
114 	     56.500 	            0.0020337 	            0.0000179 	        27924.3803459 
115 	     57.000 	            0.0020516 	            0.0000179 	        27924.3137968 
116 	     57.500 	            0.0020695 	            0.0000179 	        27924.2218503 
117 	     58.000 	            0.0020875 	            0.0000179 	        27924.1059825 
118 	     58.500 	            0.0021054 	            0.0000179 	        27924.0050169 
119 	     59.000 	            0.0021232 	            0.0000179 	        27924.3331311 
120 	     59.500 	            0.0021412 	            0.0000179 	        27924.3099885 
121 	     60.000 	            0.0021591 	            0.0000179 	        27924.4359821 
122 	     60.500 	            0.0021770 	            0.0000179 	        27924.1951757 
123 	     61.000 	            0.0021949 	            0.0000179 	        27924.3197606 
124 	     61.500 	            0.0022128 	            0.0000179 	        27924.2966394 
125 	     62.000 	            0.0022307 	            0.0000179 	        27924.0030978 
126 	     62.500 	            0.0022486 	            0.0000179 	        27924.2472818 
127 	     63.000 	            0.0022665 	            0.0000179 	        27924.1236000 
128 	     63.500 	            0.0022844 	            0.0000179 	        27924.5260385 
129 	     64.000 	            0.0023023 	            0.0000179 	        27924.5378519 
130 	     64.500 	            0.0023202 	            0.0000179 	        27924.4068051 
131 	     65.000 	            0.0023381 	            0.0000179 	        27924.0074891 
132 	     65.500 	            0.0023560 	            0.0000179 	        27924.2473567 
133 	     66.000 	            0.0023739 	            0.0000179 	        27924.2938924 
134 	     66.500 	            0.0023918 	            0.0000179 	        27924.5010994 
135 	     67.000 	            0.0024097 	            0.0000179 	        27924.4139770 
136 	     67.500 	            0.0024276 	            0.0000179 	        27924.3787118 
137 	     68.000 	            0.0024455 	            0.0000179 	        27924.3551064 
138 	     68.500 	            0.0024635 	            0.0000179 	        27924.3058550 
139 	     69.000 	            0.0024814 	            0.0000179 	        27924.3181878 
140 	     69.500 	            0.0024993 	            0.0000179 	        27924.4050888 
141 	     70.000 	            0.0025172 	            0.0000179 	        27924.3570201 
142 	     70.500 	            0.0025351 	            0.0000179 	        27924.4817496 
143 	     71.000 	            0.0025530 	            0.0000179 	        27924.4613026 
144 	     71.500 	            0.0025709 	            0.0000179 	        27924.4979542 
145 	     72.000 	            0.0025888 	            0.0000179 	        27924.5457012 
146 	     72.500 	            0.0026067 	            0.0000179 	        27924.2656747 
147 	     73.000 	            0.0026246 	            0.0000179 	        27924.5200366 
148 	     73.500 	            0.0026425 	            0.0000179 	        27924.6269757 
149 	     74.000 	            0.0026604 	            0.0000179 	        27924.5549361 
150 	     74.500 	            0.0026783 	            0.0000179 	        27924.4565507 
151 	     75.000 	            0.0026962 	            0.0000179 	        27924.4825918 
152 	     75.500 	            0.0027141 	            0.0000179 	        27924.7189571 
153 	     76.000 	            0.0027321 	            0.0000180 	        27924.0022275 
154 	     76.500 	            0.0027499 	            0.0000179 	        27924.2843524 
155 	     77.000 	            0.0027678 	            0.0000179 	        27924.6811558 
156 	     77.500 	            0.0027857 	            0.0000179 	        27924.5837415 
157 	     78.000 	            0.0028036 	            0.0000179 	        27924.4540615 
158 	     78.500 	            0.0028215 	            0.0000179 	        27924.5441689 
159 	     79.000 	            0.0028395 	            0.0000179 	        27924.5135878 
160 	     79.500 	            0.0028574 	            0.0000179 	        27924.5577829 
161 	     80.000 	            0.0028753 	            0.0000179 	        27924.5912033 
162 	     80.500 	            0.0028931 	            0.0000179 	        27924.7725607 
163 	     81.000 	            0.0029111 	            0.0000179 	        27924.6448115 
164 	     81.500 	            0.0029290 	            0.0000179 	        27924.7190676 
165 	     82.000 	            0.0029469 	            0.0000179 	        27924.6632639 
166 	     82.500 	            0.0029648 	            0.0000179 	        27924.8572285 
167 	     83.000 	            0.0029827 	            0.0000179 	        27924.6462851 
168 	     83.500 	            0.0030006 	            0.0000179 	        27924.6604843 
169 	     84.000 	            0.0030185 	            0.0000179 	        27924.5985389 
170 	     84.500 	            0.0030364 	            0.0000179 	        27924.6495526 
171 	     85.000 	            0.0030543 	            0.0000179 	        27924.5110755 
172 	     85.500 	            0.0030722 	            0.0000179 	        27924.5405489 
173 	     86.000 	            0.0030901 	            0.0000179 	        27924.6754945 
174 	     86.500 	            0.0031080 	            0.0000179 	        27924.6816469 
175 	     87.000 	            0.0031259 	            0.0000179 	        27924.6805167 
176 	     87.500 	            0.0031438 	            0.0000179 	        27924.6455462 
177 	     88.000 	            0.0031618 	            0.0000179 	        27924.3898644 
178 	     88.500 	            0.0031796 	            0.0000179 	        27924.6257531 
179 	     89.000 	            0.0031976 	            0.0000179 	        27924.5837013 
180 	     89.500 	            0.0032155 	            0.0000179 	        27924.6358746 
181 	     90.000 	            0.0032334 	            0.0000179 	        27924.5961555 
182 	     90.500 	            0.0032513 	            0.0000179 	        27924.7160000 
183 	     91.000 	            0.0032692 	            0.0000179 	        27924.6982122 
184 	     91.500 	            0.0032870 	            0.0000179 	        27924.8851815 
185 	     92.000 	            0.0033050 	            0.0000179 	        27924.7343277 
186 	     92.500 	            0.0033229 	            0.0000179 	        27924.6094996 
187 	     93.000 	            0.0033408 	            0.0000179 	        27924.4742537 
188 	     93.500 	            0.0033587 	            0.0000179 	        27924.7144730 
189 	     94.000 	            0.0033766 	            0.0000179 	        27924.4594352 
190 	     94.500 	            0.0033945 	            0.0000179 	        27924.4617090 
191 	     95.000 	            0.0034124 	            0.0000179 	        27924.4806014 
192 	     95.500 	            0.0034303 	            0.0000179 	        27924.4355286 
193 	     96.000 	            0.0034483 	            0.0000179 	        27924.2756898 
194 	     96.500 	            0.0034661 	            0.0000179 	        27924.4874847 
195 	     97.000 	            0.0034840 	            0.0000179 	        27924.5592771 
196 	     97.500 	            0.0035020 	            0.0000179 	        27924.5016767 
197 	     98.000 	            0.0035199 	            0.0000179 	        27924.2818873 
198 	     98.500 	            0.0035377 	            0.0000179 	        27924.7163132 
199 	     99.000 	            0.0035557 	            0.0000179 	        27924.5536568 
200 	     99.500 	            0.0035735 	            0.0000179 	        27924.7333127 
201 	    100.000 	            0.0035915 	            0.0000179 	        27924.6502736 
202 	    100.500 	            0.0036094 	            0.0000180 	        27924.2503633 
203 	    101.000 	            0.0036273 	            0.0000179 	        27924.1297331 
204 	    101.500 	            0.0036452 	            0.0000179 	        27924.3116663 
205 	    102.000 	            0.0036631 	            0.0000179 	        27924.2871804 
206 	    102.500 	            0.0036810 	            0.0000179 	        27924.2714881 
207 	    103.000 	            0.0036990 	            0.0000179 	        27924.1635108 
208 	    103.500 	            0.0037168 	            0.0000179 	        27924.3614496 
209 	    104.000 	            0.0037348 	            0.0000179 	        27924.2700722 
210 	    104.500 	            0.0037527 	            0.0000179 	        27924.2899822 
211 	    105.000 	            0.0037706 	            0.0000179 	        27924.2852977 
212 	    105.500 	            0.0037885 	            0.0000179 	        27923.9662288 
213 	    106.000 	            0.0038064 	            0.0000179 	        27924.1820151 
214 	    106.500 	            0.0038243 	            0.0000179 	        27924.2879859 
215 	    107.000 	            0.0038422 	            0.0000180 	        27923.9514849 
216 	    107.500 	            0.0038601 	            0.0000179 	        27924.2947505 
217 	    108.000 	            0.0038780 	            0.0000179 	        27924.3411308 
218 	    108.500 	            0.0038959 	            0.0000179 	        27924.0249620 
219 	    109.000 	            0.0039139 	            0.0000179 	        27923.8345197 
220 	    109.500 	            0.0039317 	            0.0000179 	        27924.0571552 
221 	    110.000 	            0.0039497 	            0.0000179 	        27923.8853746 
222 	    110.500 	            0.0039676 	            0.0000179 	        27923.7726273 
223 	    111.000 	            0.0039855 	            0.0000179 	        27923.8054284 
224 	    111.500 	            0.0040034 	            0.0000179 	        27923.7934596 
225 	    112.000 	            0.0040213 	            0.0000179 	        27923.6718300 
226 	    112.500 	            0.0040392 	            0.0000179 	        27923.6830643 
227 	    113.000 	            0.0040571 	            0.0000179 	        27923.8196219 
228 	    113.500 	            0.0040750 	            0.0000179 	        27923.8945325 
229 	    114.000 	            0.0040929 	            0.0000179 	        27923.9551897 
230 	    114.500 	            0.0041109 	            0.0000179 	        27923.6887041 
231 	    115.000 	            0.0041287 	            0.0000179 	        27923.8149691 
232 	    115.500 	            0.0041467 	            0.0000179 	        27923.6635209 
233 	    116.000 	            0.0041645 	            0.0000179 	        27923.8706169 
234 	    116.500 	            0.0041825 	            0.0000179 	        27923.6487439 
235 	    117.000 	            0.0042004 	            0.0000179 	        27923.6003516 
236 	    117.500 	            0.0042183 	            0.0000179 	        27923.6440289 
237 	    118.000 	            0.0042362 	            0.0000179 	        27923.6207229 
238 	    118.500 	            0.0042541 	            0.0000179 	        27923.3987450 
239 	    119.000 	            0.0042721 	            0.0000180 	        27923.0038233 
240 	    119.500 	            0.0042899 	            0.0000178 	        27923.6713783 
241 	    120.000 	            0.0043079 	            0.0000180 	        27923.3588917 
242 	    120.500 	            0.0043258 	            0.0000179 	        27923.1450771 
243 	    121.000 	            0.0043437 	            0.0000178 	        27923.5239592 
244 	    121.500 	            0.0043616 	            0.0000179 	        27923.2858725 
245 	    122.000 	            0.0043795 	            0.0000179 	        27923.0804836 
246 	    122.500 	            0.0043974 	            0.0000179 	        27923.3357898 
247 	    123.000 	            0.0044154 	            0.0000180 	        27922.9228670 
248 	    123.500 	            0.0044333 	            0.0000179 	        27923.0743452 
249 	    124.000 	            0.0044512 	            0.0000179 	        27922.9412199 
250 	    124.500 	            0.0044691 	            0.0000180 	        27922.6471316 
251 	    125.000 	            0.0044870 	            0.0000179 	        27922.9813232 
252 	    125.500 	            0.0045049 	            0.0000179 	        27922.8273515 
253 	    126.000 	            0.0045228 	            0.0000179 	        27923.1255012 
254 	    126.500 	            0.0045407 	            0.0000179 	        27923.0541376 
255 	    127.000 	            0.0045586 	            0.0000179 	        27923.3234229 
256 	    127.500 	            0.0045765 	            0.0000180 	        27922.8866928 
257 	    128.000 	            0.0045944 	            0.0000179 	        27923.1268393 
258 	    128.500 	            0.0046124 	            0.0000180 	        27922.7031317 
259 	    129.000 	            0.0046304 	            0.0000180 	        27922.1757559 
260 	    129.500 	            0.0046483 	            0.0000179 	        27922.3298229 
261 	    130.000 	            0.0046661 	            0.0000179 	        27922.4651968 
262 	    130.500 	            0.0046840 	            0.0000179 	        27922.7378451 
263 	    131.000 	            0.0047020 	            0.0000180 	        27922.4296232 
264 	    131.500 	            0.0047199 	            0.0000179 	        27922.2181165 
265 	    132.000 	            0.0047378 	            0.0000179 	        27922.4320377 
266 	    132.500 	            0.0047557 	            0.0000179 	        27922.3626593 
267 	    133.000 	            0.0047736 	            0.0000179 	        27922.5692855 
268 	    133.500 	            0.0047916 	            0.0000180 	        27922.0592293 
269 	    134.000 	            0.0048095 	            0.0000179 	        27922.0805261 
270 	    134.500 	            0.0048273 	            0.0000178 	        27922.4817482 
271 	    135.000 	            0.0048453 	            0.0000179 	        27922.2401889 
272 	    135.500 	            0.0048632 	            0.0000180 	        27921.9711608 
273 	    136.000 	            0.0048811 	            0.0000179 	        27921.9311468 
274 	    136.500 	            0.0048990 	            0.0000179 	        27921.8470109 
275 	    137.000 	            0.0049170 	            0.0000179 	        27921.7945415 
276 	    137.500 	            0.0049350 	            0.0000180 	        27921.2340069 
277 	    138.000 	            0.0049527 	            0.0000178 	        27922.0650046 
278 	    138.500 	            0.0049706 	            0.0000179 	        27921.9809304 
279 	    139.000 	            0.0049888 	            0.0000181 	        27920.7406493 
