# Zc 	 Nc 	 t0 (s) 	 elapsed time (s) 	 F (Hz) 
1 	      0.000 	            0.0000057 	            0.0000000 	            0.0000000 
2 	      0.500 	            0.0000236 	            0.0000179 	        27899.6409172 
3 	      1.000 	            0.0000415 	            0.0000179 	        27904.0546818 
4 	      1.500 	            0.0000594 	            0.0000179 	        27918.5620389 
5 	      2.000 	            0.0000773 	            0.0000179 	        27933.5881066 
6 	      2.500 	            0.0000952 	            0.0000179 	        27920.7819751 
7 	      3.000 	            0.0001131 	            0.0000179 	        27924.8505874 
8 	      3.500 	            0.0001310 	            0.0000179 	        27922.6053812 
9 	      4.000 	            0.0001489 	            0.0000179 	        27927.7643430 
10 	      4.500 	            0.0001668 	            0.0000179 	        27927.0954716 
11 	      5.000 	            0.0001847 	            0.0000179 	        27926.1992662 
12 	      5.500 	            0.0002026 	            0.0000179 	        27925.8940058 
13 	      6.000 	            0.0002205 	            0.0000179 	        27926.7880853 
14 	      6.500 	            0.0002384 	            0.0000179 	        27925.4392160 
15 	      7.000 	            0.0002563 	            0.0000179 	        27927.6419004 
16 	      7.500 	            0.0002743 	            0.0000179 	        27926.2169929 
17 	      8.000 	            0.0002922 	            0.0000179 	        27925.4600464 
18 	      8.500 	            0.0003101 	            0.0000179 	        27924.0409348 
19 	      9.000 	            0.0003280 	            0.0000179 	        27924.9961404 
20 	      9.500 	            0.0003459 	            0.0000179 	        27924.6588655 
21 	     10.000 	            0.0003638 	            0.0000179 	        27925.8104838 
22 	     10.500 	            0.0003817 	            0.0000179 	        27924.9045813 
23 	     11.000 	            0.0003996 	            0.0000179 	        27926.1146174 
24 	     11.500 	            0.0004175 	            0.0000179 	        27926.0889413 
25 	     12.000 	            0.0004354 	            0.0000179 	        27925.4105450 
26 	     12.500 	            0.0004533 	            0.0000179 	        27924.8321490 
27 	     13.000 	            0.0004712 	            0.0000179 	        27926.0693208 
28 	     13.500 	            0.0004891 	            0.0000179 	        27925.6903090 
29 	     14.000 	            0.0005070 	            0.0000179 	        27925.0036195 
30 	     14.500 	            0.0005249 	            0.0000179 	        27925.0286308 
31 	     15.000 	            0.0005428 	            0.0000179 	        27925.7116252 
32 	     15.500 	            0.0005607 	            0.0000179 	        27926.3255006 
33 	     16.000 	            0.0005787 	            0.0000179 	        27924.7540672 
34 	     16.500 	            0.0005966 	            0.0000179 	        27924.9106670 
35 	     17.000 	            0.0006145 	            0.0000179 	        27924.8328513 
36 	     17.500 	            0.0006324 	            0.0000179 	        27925.2281768 
37 	     18.000 	            0.0006503 	            0.0000179 	        27925.3861865 
38 	     18.500 	            0.0006682 	            0.0000179 	        27924.9047322 
39 	     19.000 	            0.0006861 	            0.0000179 	        27925.1989123 
40 	     19.500 	            0.0007040 	            0.0000179 	        27924.9453934 
41 	     20.000 	            0.0007219 	            0.0000179 	        27924.9943186 
42 	     20.500 	            0.0007398 	            0.0000179 	        27924.8396734 
43 	     21.000 	            0.0007577 	            0.0000179 	        27925.1005453 
44 	     21.500 	            0.0007756 	            0.0000179 	        27925.1920456 
45 	     22.000 	            0.0007935 	            0.0000179 	        27925.7591947 
46 	     22.500 	            0.0008114 	            0.0000179 	        27924.6153060 
47 	     23.000 	            0.0008293 	            0.0000179 	        27924.9088204 
48 	     23.500 	            0.0008472 	            0.0000179 	        27924.2308795 
49 	     24.000 	            0.0008651 	            0.0000179 	        27924.8388925 
50 	     24.500 	            0.0008830 	            0.0000179 	        27924.8541849 
51 	     25.000 	            0.0009009 	            0.0000179 	        27924.9753303 
52 	     25.500 	            0.0009188 	            0.0000179 	        27926.1746691 
53 	     26.000 	            0.0009368 	            0.0000179 	        27925.0100294 
54 	     26.500 	            0.0009547 	            0.0000179 	        27925.0405847 
55 	     27.000 	            0.0009726 	            0.0000179 	        27924.8277380 
56 	     27.500 	            0.0009905 	            0.0000179 	        27924.6497331 
57 	     28.000 	            0.0010084 	            0.0000179 	        27924.4485418 
58 	     28.500 	            0.0010263 	            0.0000179 	        27924.2067326 
59 	     29.000 	            0.0010442 	            0.0000179 	        27924.7234126 
60 	     29.500 	            0.0010621 	            0.0000179 	        27924.6061465 
61 	     30.000 	            0.0010800 	            0.0000179 	        27924.8015069 
62 	     30.500 	            0.0010979 	            0.0000179 	        27924.4346058 
63 	     31.000 	            0.0011158 	            0.0000179 	        27924.6679433 
64 	     31.500 	            0.0011337 	            0.0000179 	        27924.4733104 
65 	     32.000 	            0.0011516 	            0.0000179 	        27924.5033850 
66 	     32.500 	            0.0011695 	            0.0000179 	        27924.4141056 
67 	     33.000 	            0.0011874 	            0.0000179 	        27925.1330936 
68 	     33.500 	            0.0012054 	            0.0000179 	        27924.4735224 
69 	     34.000 	            0.0012233 	            0.0000179 	        27924.5781689 
70 	     34.500 	            0.0012412 	            0.0000179 	        27924.2664369 
71 	     35.000 	            0.0012591 	            0.0000179 	        27924.7665048 
72 	     35.500 	            0.0012770 	            0.0000179 	        27924.6319724 
73 	     36.000 	            0.0012949 	            0.0000179 	        27924.6842063 
74 	     36.500 	            0.0013128 	            0.0000179 	        27924.8781651 
75 	     37.000 	            0.0013307 	            0.0000179 	        27923.9750229 
76 	     37.500 	            0.0013486 	            0.0000179 	        27923.9419267 
77 	     38.000 	            0.0013665 	            0.0000179 	        27924.0418008 
78 	     38.500 	            0.0013844 	            0.0000179 	        27924.4166924 
79 	     39.000 	            0.0014023 	            0.0000179 	        27924.3641733 
80 	     39.500 	            0.0014202 	            0.0000179 	        27924.4735433 
81 	     40.000 	            0.0014381 	            0.0000179 	        27924.0021163 
82 	     40.500 	            0.0014561 	            0.0000179 	        27923.7430091 
83 	     41.000 	            0.0014739 	            0.0000179 	        27924.2964461 
84 	     41.500 	            0.0014918 	            0.0000179 	        27924.2624149 
85 	     42.000 	            0.0015098 	            0.0000179 	        27924.1460908 
86 	     42.500 	            0.0015277 	            0.0000179 	        27923.9583836 
87 	     43.000 	            0.0015455 	            0.0000179 	        27924.5933097 
88 	     43.500 	            0.0015635 	            0.0000179 	        27924.4149812 
89 	     44.000 	            0.0015814 	            0.0000179 	        27924.4627783 
90 	     44.500 	            0.0015993 	            0.0000179 	        27924.0274162 
91 	     45.000 	            0.0016172 	            0.0000179 	        27924.2155148 
92 	     45.500 	            0.0016351 	            0.0000179 	        27924.2575571 
93 	     46.000 	            0.0016530 	            0.0000179 	        27923.6252202 
94 	     46.500 	            0.0016709 	            0.0000179 	        27923.8180082 
95 	     47.000 	            0.0016888 	            0.0000179 	        27924.6126864 
96 	     47.500 	            0.0017067 	            0.0000179 	        27923.9403874 
97 	     48.000 	            0.0017246 	            0.0000179 	        27924.3015499 
98 	     48.500 	            0.0017425 	            0.0000179 	        27924.1741537 
99 	     49.000 	            0.0017604 	            0.0000179 	        27924.1531332 
100 	     49.500 	            0.0017784 	            0.0000179 	        27923.9743923 
101 	     50.000 	            0.0017963 	            0.0000179 	        27924.1479898 
102 	     50.500 	            0.0018142 	            0.0000179 	        27923.9948553 
103 	     51.000 	            0.0018321 	            0.0000179 	        27924.1907611 
104 	     51.500 	            0.0018500 	            0.0000179 	        27923.9466062 
105 	     52.000 	            0.0018678 	            0.0000179 	        27924.6753272 
106 	     52.500 	            0.0018858 	            0.0000179 	        27924.0795496 
107 	     53.000 	            0.0019037 	            0.0000179 	        27923.9837437 
108 	     53.500 	            0.0019216 	            0.0000179 	        27924.2712306 
109 	     54.000 	            0.0019395 	            0.0000179 	        27924.0155063 
110 	     54.500 	            0.0019574 	            0.0000179 	        27924.1373111 
111 	     55.000 	            0.0019753 	            0.0000179 	        27924.5440270 
112 	     55.500 	            0.0019932 	            0.0000179 	        27924.1392687 
113 	     56.000 	            0.0020111 	            0.0000179 	        27923.8316696 
114 	     56.500 	            0.0020290 	            0.0000179 	        27923.8900691 
115 	     57.000 	            0.0020469 	            0.0000179 	        27924.1084662 
116 	     57.500 	            0.0020648 	            0.0000179 	        27924.3206790 
117 	     58.000 	            0.0020828 	            0.0000179 	        27923.7493072 
118 	     58.500 	            0.0021006 	            0.0000178 	        27924.5343463 
119 	     59.000 	            0.0021186 	            0.0000179 	        27924.1514401 
120 	     59.500 	            0.0021365 	            0.0000179 	        27923.8725131 
121 	     60.000 	            0.0021544 	            0.0000179 	        27924.1429315 
122 	     60.500 	            0.0021723 	            0.0000179 	        27923.9749178 
123 	     61.000 	            0.0021902 	            0.0000179 	        27923.4822888 
124 	     61.500 	            0.0022081 	            0.0000179 	        27923.7017665 
125 	     62.000 	            0.0022260 	            0.0000179 	        27924.3663682 
126 	     62.500 	            0.0022439 	            0.0000179 	        27924.1833880 
127 	     63.000 	            0.0022618 	            0.0000179 	        27924.2851748 
128 	     63.500 	            0.0022797 	            0.0000179 	        27923.9272227 
129 	     64.000 	            0.0022976 	            0.0000179 	        27924.2863755 
130 	     64.500 	            0.0023155 	            0.0000179 	        27924.2295468 
131 	     65.000 	            0.0023334 	            0.0000179 	        27924.0998231 
132 	     65.500 	            0.0023513 	            0.0000179 	        27924.0936134 
133 	     66.000 	            0.0023692 	            0.0000179 	        27924.0566060 
134 	     66.500 	            0.0023871 	            0.0000179 	        27924.4348665 
135 	     67.000 	            0.0024050 	            0.0000179 	        27924.3464014 
136 	     67.500 	            0.0024229 	            0.0000179 	        27924.1599330 
137 	     68.000 	            0.0024409 	            0.0000179 	        27924.0138510 
138 	     68.500 	            0.0024587 	            0.0000179 	        27924.2984603 
139 	     69.000 	            0.0024766 	            0.0000179 	        27924.3416827 
140 	     69.500 	            0.0024946 	            0.0000179 	        27924.1968528 
141 	     70.000 	            0.0025125 	            0.0000179 	        27924.3010907 
142 	     70.500 	            0.0025304 	            0.0000179 	        27924.1137146 
143 	     71.000 	            0.0025483 	            0.0000179 	        27924.4601680 
144 	     71.500 	            0.0025662 	            0.0000179 	        27924.4358317 
145 	     72.000 	            0.0025841 	            0.0000179 	        27924.1117244 
146 	     72.500 	            0.0026020 	            0.0000179 	        27924.1036190 
147 	     73.000 	            0.0026199 	            0.0000179 	        27924.4446703 
148 	     73.500 	            0.0026378 	            0.0000179 	        27924.5310890 
149 	     74.000 	            0.0026557 	            0.0000179 	        27924.4574948 
150 	     74.500 	            0.0026736 	            0.0000179 	        27924.3636988 
151 	     75.000 	            0.0026915 	            0.0000179 	        27924.0997050 
152 	     75.500 	            0.0027094 	            0.0000179 	        27924.2159780 
153 	     76.000 	            0.0027273 	            0.0000179 	        27924.4647725 
154 	     76.500 	            0.0027452 	            0.0000179 	        27924.4464638 
155 	     77.000 	            0.0027631 	            0.0000179 	        27924.2307890 
156 	     77.500 	            0.0027810 	            0.0000179 	        27924.4680679 
157 	     78.000 	            0.0027990 	            0.0000179 	        27924.3098727 
158 	     78.500 	            0.0028169 	            0.0000179 	        27924.2270963 
159 	     79.000 	            0.0028347 	            0.0000179 	        27924.4748079 
160 	     79.500 	            0.0028527 	            0.0000179 	        27924.4023311 
161 	     80.000 	            0.0028705 	            0.0000179 	        27924.5434180 
162 	     80.500 	            0.0028885 	            0.0000179 	        27924.2877441 
163 	     81.000 	            0.0029064 	            0.0000179 	        27924.4403123 
164 	     81.500 	            0.0029243 	            0.0000179 	        27924.2629636 
165 	     82.000 	            0.0029422 	            0.0000179 	        27924.6363118 
166 	     82.500 	            0.0029601 	            0.0000179 	        27924.5462845 
167 	     83.000 	            0.0029780 	            0.0000179 	        27924.6049169 
168 	     83.500 	            0.0029959 	            0.0000179 	        27924.6141529 
169 	     84.000 	            0.0030138 	            0.0000179 	        27924.3686295 
170 	     84.500 	            0.0030317 	            0.0000179 	        27924.4166096 
171 	     85.000 	            0.0030496 	            0.0000179 	        27924.6126453 
172 	     85.500 	            0.0030675 	            0.0000179 	        27924.6727837 
173 	     86.000 	            0.0030854 	            0.0000179 	        27924.3964935 
174 	     86.500 	            0.0031034 	            0.0000179 	        27924.0781254 
175 	     87.000 	            0.0031212 	            0.0000178 	        27924.5967963 
176 	     87.500 	            0.0031391 	            0.0000179 	        27924.8013272 
177 	     88.000 	            0.0031571 	            0.0000179 	        27924.4198395 
178 	     88.500 	            0.0031749 	            0.0000179 	        27924.6342116 
179 	     89.000 	            0.0031929 	            0.0000179 	        27924.5038333 
180 	     89.500 	            0.0032108 	            0.0000179 	        27924.4367535 
181 	     90.000 	            0.0032286 	            0.0000179 	        27924.6115890 
182 	     90.500 	            0.0032466 	            0.0000179 	        27924.3583345 
183 	     91.000 	            0.0032644 	            0.0000179 	        27924.8105689 
184 	     91.500 	            0.0032824 	            0.0000180 	        27924.3375461 
185 	     92.000 	            0.0033003 	            0.0000179 	        27924.3971014 
186 	     92.500 	            0.0033182 	            0.0000179 	        27924.6147072 
187 	     93.000 	            0.0033361 	            0.0000179 	        27924.7552257 
188 	     93.500 	            0.0033540 	            0.0000179 	        27924.5861217 
189 	     94.000 	            0.0033719 	            0.0000179 	        27924.5444630 
190 	     94.500 	            0.0033898 	            0.0000179 	        27924.6949098 
191 	     95.000 	            0.0034077 	            0.0000180 	        27924.2465809 
192 	     95.500 	            0.0034256 	            0.0000178 	        27924.7717998 
193 	     96.000 	            0.0034435 	            0.0000179 	        27924.8427905 
194 	     96.500 	            0.0034614 	            0.0000179 	        27924.8994888 
195 	     97.000 	            0.0034793 	            0.0000179 	        27924.6194061 
196 	     97.500 	            0.0034973 	            0.0000180 	        27924.1707877 
197 	     98.000 	            0.0035152 	            0.0000179 	        27924.1499795 
198 	     98.500 	            0.0035331 	            0.0000179 	        27924.4066054 
199 	     99.000 	            0.0035510 	            0.0000180 	        27923.8983781 
200 	     99.500 	            0.0035689 	            0.0000178 	        27924.3841661 
201 	    100.000 	            0.0035868 	            0.0000179 	        27924.2216548 
202 	    100.500 	            0.0036047 	            0.0000179 	        27924.3881084 
203 	    101.000 	            0.0036226 	            0.0000179 	        27924.6547993 
204 	    101.500 	            0.0036405 	            0.0000179 	        27924.3206809 
205 	    102.000 	            0.0036584 	            0.0000179 	        27924.4203161 
206 	    102.500 	            0.0036763 	            0.0000179 	        27924.3127432 
207 	    103.000 	            0.0036942 	            0.0000179 	        27924.3252018 
208 	    103.500 	            0.0037122 	            0.0000179 	        27924.0439157 
209 	    104.000 	            0.0037300 	            0.0000179 	        27924.3602436 
210 	    104.500 	            0.0037479 	            0.0000179 	        27924.5791546 
211 	    105.000 	            0.0037659 	            0.0000180 	        27923.9132887 
212 	    105.500 	            0.0037838 	            0.0000179 	        27924.2371664 
213 	    106.000 	            0.0038016 	            0.0000179 	        27924.5743684 
214 	    106.500 	            0.0038196 	            0.0000180 	        27924.2290580 
215 	    107.000 	            0.0038375 	            0.0000179 	        27924.1203057 
216 	    107.500 	            0.0038554 	            0.0000179 	        27924.0012411 
217 	    108.000 	            0.0038733 	            0.0000179 	        27924.0795814 
218 	    108.500 	            0.0038912 	            0.0000179 	        27924.1417815 
219 	    109.000 	            0.0039091 	            0.0000179 	        27924.3092959 
220 	    109.500 	            0.0039270 	            0.0000179 	        27923.9935754 
221 	    110.000 	            0.0039449 	            0.0000179 	        27924.1714294 
222 	    110.500 	            0.0039629 	            0.0000179 	        27924.0301790 
223 	    111.000 	            0.0039809 	            0.0000180 	        27923.2780299 
224 	    111.500 	            0.0039987 	            0.0000178 	        27923.8873409 
225 	    112.000 	            0.0040166 	            0.0000179 	        27923.8877926 
226 	    112.500 	            0.0040345 	            0.0000179 	        27923.5991169 
227 	    113.000 	            0.0040524 	            0.0000179 	        27923.8676979 
228 	    113.500 	            0.0040703 	            0.0000179 	        27923.7152031 
229 	    114.000 	            0.0040882 	            0.0000179 	        27923.6448258 
230 	    114.500 	            0.0041062 	            0.0000179 	        27923.5263504 
231 	    115.000 	            0.0041240 	            0.0000179 	        27923.8820116 
232 	    115.500 	            0.0041420 	            0.0000179 	        27923.6451447 
233 	    116.000 	            0.0041599 	            0.0000179 	        27923.5030495 
234 	    116.500 	            0.0041777 	            0.0000178 	        27924.0166336 
235 	    117.000 	            0.0041957 	            0.0000180 	        27923.4828026 
236 	    117.500 	            0.0042136 	            0.0000179 	        27923.3519770 
237 	    118.000 	            0.0042315 	            0.0000179 	        27923.4128990 
238 	    118.500 	            0.0042494 	            0.0000179 	        27923.5326895 
239 	    119.000 	            0.0042673 	            0.0000179 	        27923.4032021 
240 	    119.500 	            0.0042853 	            0.0000180 	        27923.0287793 
241 	    120.000 	            0.0043031 	            0.0000178 	        27923.7806026 
242 	    120.500 	            0.0043210 	            0.0000179 	        27923.5962903 
243 	    121.000 	            0.0043389 	            0.0000179 	        27923.6073414 
244 	    121.500 	            0.0043569 	            0.0000180 	        27923.2801900 
245 	    122.000 	            0.0043748 	            0.0000179 	        27923.1779092 
246 	    122.500 	            0.0043927 	            0.0000179 	        27923.1155874 
247 	    123.000 	            0.0044106 	            0.0000178 	        27923.5733484 
248 	    123.500 	            0.0044285 	            0.0000179 	        27923.3334545 
249 	    124.000 	            0.0044464 	            0.0000179 	        27923.2959730 
250 	    124.500 	            0.0044643 	            0.0000179 	        27923.2739486 
251 	    125.000 	            0.0044823 	            0.0000179 	        27923.0997701 
252 	    125.500 	            0.0045002 	            0.0000180 	        27922.7018948 
253 	    126.000 	            0.0045182 	            0.0000179 	        27922.6132729 
254 	    126.500 	            0.0045360 	            0.0000178 	        27923.2609770 
255 	    127.000 	            0.0045539 	            0.0000179 	        27923.1097372 
256 	    127.500 	            0.0045718 	            0.0000179 	        27923.1618879 
257 	    128.000 	            0.0045898 	            0.0000180 	        27922.4049838 
258 	    128.500 	            0.0046077 	            0.0000178 	        27922.8567483 
259 	    129.000 	            0.0046256 	            0.0000179 	        27922.7886399 
260 	    129.500 	            0.0046435 	            0.0000179 	        27922.7488353 
261 	    130.000 	            0.0046614 	            0.0000179 	        27922.6287818 
262 	    130.500 	            0.0046793 	            0.0000179 	        27922.9624154 
263 	    131.000 	            0.0046971 	            0.0000179 	        27923.1185195 
264 	    131.500 	            0.0047151 	            0.0000180 	        27922.5152041 
265 	    132.000 	            0.0047331 	            0.0000180 	        27922.2062932 
266 	    132.500 	            0.0047509 	            0.0000178 	        27922.6558653 
267 	    133.000 	            0.0047689 	            0.0000179 	        27922.4533641 
268 	    133.500 	            0.0047868 	            0.0000179 	        27922.3097737 
269 	    134.000 	            0.0048048 	            0.0000180 	        27921.8091475 
270 	    134.500 	            0.0048226 	            0.0000178 	        27922.3788617 
271 	    135.000 	            0.0048405 	            0.0000179 	        27922.3339045 
272 	    135.500 	            0.0048584 	            0.0000179 	        27922.6112887 
273 	    136.000 	            0.0048765 	            0.0000181 	        27921.6016687 
274 	    136.500 	            0.0048942 	            0.0000178 	        27922.3688391 
275 	    137.000 	            0.0049122 	            0.0000180 	        27922.0343213 
276 	    137.500 	            0.0049302 	            0.0000179 	        27921.8178973 
277 	    138.000 	            0.0049480 	            0.0000179 	        27922.1080609 
278 	    138.500 	            0.0049659 	            0.0000179 	        27921.9205254 
279 	    139.000 	            0.0049839 	            0.0000180 	        27921.5029505 
