# Zc 	 Nc 	 t0 (s) 	 elapsed time (s) 	 F (Hz) 
1 	      0.000 	            0.0000053 	            0.0000000 	            0.0000000 
2 	      0.500 	            0.0000232 	            0.0000179 	        27879.8904657 
3 	      1.000 	            0.0000411 	            0.0000179 	        27924.7184006 
4 	      1.500 	            0.0000590 	            0.0000179 	        27921.2495366 
5 	      2.000 	            0.0000769 	            0.0000179 	        27927.6508412 
6 	      2.500 	            0.0000949 	            0.0000179 	        27915.0871391 
7 	      3.000 	            0.0001127 	            0.0000179 	        27927.0465444 
8 	      3.500 	            0.0001307 	            0.0000179 	        27916.9297359 
9 	      4.000 	            0.0001485 	            0.0000179 	        27926.2071133 
10 	      4.500 	            0.0001664 	            0.0000179 	        27928.1230689 
11 	      5.000 	            0.0001843 	            0.0000179 	        27929.8432822 
12 	      5.500 	            0.0002023 	            0.0000180 	        27920.5327308 
13 	      6.000 	            0.0002202 	            0.0000179 	        27923.9867284 
14 	      6.500 	            0.0002381 	            0.0000179 	        27922.3635304 
15 	      7.000 	            0.0002560 	            0.0000179 	        27924.1194472 
16 	      7.500 	            0.0002739 	            0.0000179 	        27919.7611254 
17 	      8.000 	            0.0002918 	            0.0000178 	        27925.7167160 
18 	      8.500 	            0.0003097 	            0.0000179 	        27924.4915620 
19 	      9.000 	            0.0003276 	            0.0000179 	        27925.1679963 
20 	      9.500 	            0.0003455 	            0.0000179 	        27925.6865512 
21 	     10.000 	            0.0003634 	            0.0000179 	        27923.3829083 
22 	     10.500 	            0.0003813 	            0.0000179 	        27923.9893037 
23 	     11.000 	            0.0003992 	            0.0000179 	        27925.9752219 
24 	     11.500 	            0.0004172 	            0.0000180 	        27922.4165910 
25 	     12.000 	            0.0004350 	            0.0000179 	        27925.6547702 
26 	     12.500 	            0.0004529 	            0.0000179 	        27924.3509629 
27 	     13.000 	            0.0004708 	            0.0000179 	        27926.6093436 
28 	     13.500 	            0.0004887 	            0.0000179 	        27924.5370729 
29 	     14.000 	            0.0005066 	            0.0000179 	        27925.2096452 
30 	     14.500 	            0.0005246 	            0.0000179 	        27923.8142158 
31 	     15.000 	            0.0005424 	            0.0000179 	        27925.4748658 
32 	     15.500 	            0.0005604 	            0.0000179 	        27924.8276444 
33 	     16.000 	            0.0005783 	            0.0000179 	        27924.5640875 
34 	     16.500 	            0.0005962 	            0.0000179 	        27924.0885274 
35 	     17.000 	            0.0006141 	            0.0000179 	        27923.9635913 
36 	     17.500 	            0.0006320 	            0.0000179 	        27923.8714356 
37 	     18.000 	            0.0006499 	            0.0000179 	        27924.1101945 
38 	     18.500 	            0.0006678 	            0.0000179 	        27923.4022336 
39 	     19.000 	            0.0006857 	            0.0000179 	        27925.4440862 
40 	     19.500 	            0.0007036 	            0.0000180 	        27923.4104846 
41 	     20.000 	            0.0007215 	            0.0000178 	        27925.8988174 
42 	     20.500 	            0.0007394 	            0.0000179 	        27924.4349767 
43 	     21.000 	            0.0007573 	            0.0000179 	        27923.9154241 
44 	     21.500 	            0.0007752 	            0.0000179 	        27923.8800648 
45 	     22.000 	            0.0007931 	            0.0000179 	        27924.4412704 
46 	     22.500 	            0.0008110 	            0.0000179 	        27924.4072912 
47 	     23.000 	            0.0008289 	            0.0000179 	        27925.2736526 
48 	     23.500 	            0.0008469 	            0.0000180 	        27923.6261017 
49 	     24.000 	            0.0008648 	            0.0000179 	        27923.8688176 
50 	     24.500 	            0.0008827 	            0.0000179 	        27924.3058822 
51 	     25.000 	            0.0009006 	            0.0000179 	        27924.4971029 
52 	     25.500 	            0.0009185 	            0.0000180 	        27923.0493795 
53 	     26.000 	            0.0009364 	            0.0000179 	        27924.0373135 
54 	     26.500 	            0.0009543 	            0.0000179 	        27923.6657259 
55 	     27.000 	            0.0009722 	            0.0000179 	        27923.6413004 
56 	     27.500 	            0.0009901 	            0.0000179 	        27924.2730902 
57 	     28.000 	            0.0010081 	            0.0000179 	        27923.1086673 
58 	     28.500 	            0.0010259 	            0.0000179 	        27924.0326966 
59 	     29.000 	            0.0010438 	            0.0000179 	        27924.0360857 
60 	     29.500 	            0.0010617 	            0.0000179 	        27924.2798973 
61 	     30.000 	            0.0010796 	            0.0000179 	        27923.9252814 
62 	     30.500 	            0.0010976 	            0.0000179 	        27923.5562740 
63 	     31.000 	            0.0011155 	            0.0000179 	        27924.0165097 
64 	     31.500 	            0.0011334 	            0.0000179 	        27923.9217963 
65 	     32.000 	            0.0011512 	            0.0000179 	        27924.5103076 
66 	     32.500 	            0.0011692 	            0.0000180 	        27923.4399599 
67 	     33.000 	            0.0011871 	            0.0000179 	        27924.4718951 
68 	     33.500 	            0.0012050 	            0.0000179 	        27923.7470896 
69 	     34.000 	            0.0012229 	            0.0000179 	        27923.5838861 
70 	     34.500 	            0.0012408 	            0.0000179 	        27924.1477361 
71 	     35.000 	            0.0012587 	            0.0000179 	        27924.0020133 
72 	     35.500 	            0.0012766 	            0.0000179 	        27923.9049938 
73 	     36.000 	            0.0012945 	            0.0000179 	        27924.4531147 
74 	     36.500 	            0.0013124 	            0.0000179 	        27923.7083255 
75 	     37.000 	            0.0013303 	            0.0000179 	        27924.0409221 
76 	     37.500 	            0.0013482 	            0.0000179 	        27924.1684116 
77 	     38.000 	            0.0013661 	            0.0000179 	        27924.2590777 
78 	     38.500 	            0.0013841 	            0.0000180 	        27923.3383866 
79 	     39.000 	            0.0014019 	            0.0000179 	        27924.2760609 
80 	     39.500 	            0.0014199 	            0.0000179 	        27923.9564233 
81 	     40.000 	            0.0014378 	            0.0000179 	        27923.9042744 
82 	     40.500 	            0.0014557 	            0.0000179 	        27923.5686221 
83 	     41.000 	            0.0014736 	            0.0000179 	        27923.9812109 
84 	     41.500 	            0.0014915 	            0.0000179 	        27923.9958082 
85 	     42.000 	            0.0015094 	            0.0000179 	        27923.4303456 
86 	     42.500 	            0.0015273 	            0.0000179 	        27923.9957981 
87 	     43.000 	            0.0015452 	            0.0000179 	        27923.9368513 
88 	     43.500 	            0.0015631 	            0.0000179 	        27923.5528145 
89 	     44.000 	            0.0015810 	            0.0000179 	        27923.9147770 
90 	     44.500 	            0.0015989 	            0.0000179 	        27923.3262205 
91 	     45.000 	            0.0016168 	            0.0000179 	        27923.6738752 
92 	     45.500 	            0.0016347 	            0.0000179 	        27924.0561330 
93 	     46.000 	            0.0016526 	            0.0000179 	        27924.4343403 
94 	     46.500 	            0.0016705 	            0.0000179 	        27923.8289391 
95 	     47.000 	            0.0016885 	            0.0000179 	        27923.6717385 
96 	     47.500 	            0.0017064 	            0.0000179 	        27923.5881112 
97 	     48.000 	            0.0017243 	            0.0000179 	        27924.0083492 
98 	     48.500 	            0.0017422 	            0.0000179 	        27923.7193606 
99 	     49.000 	            0.0017601 	            0.0000179 	        27923.6492251 
100 	     49.500 	            0.0017780 	            0.0000179 	        27924.0030282 
101 	     50.000 	            0.0017959 	            0.0000179 	        27923.5581399 
102 	     50.500 	            0.0018138 	            0.0000179 	        27923.6042846 
103 	     51.000 	            0.0018317 	            0.0000179 	        27924.1778547 
104 	     51.500 	            0.0018496 	            0.0000179 	        27924.1624518 
105 	     52.000 	            0.0018675 	            0.0000179 	        27923.7998891 
106 	     52.500 	            0.0018854 	            0.0000179 	        27923.9391634 
107 	     53.000 	            0.0019033 	            0.0000179 	        27924.0981097 
108 	     53.500 	            0.0019213 	            0.0000180 	        27923.3895588 
109 	     54.000 	            0.0019391 	            0.0000179 	        27923.8502741 
110 	     54.500 	            0.0019571 	            0.0000179 	        27923.2703131 
111 	     55.000 	            0.0019750 	            0.0000179 	        27923.7154262 
112 	     55.500 	            0.0019929 	            0.0000179 	        27923.3307706 
113 	     56.000 	            0.0020107 	            0.0000179 	        27923.9079905 
114 	     56.500 	            0.0020287 	            0.0000179 	        27923.9200407 
115 	     57.000 	            0.0020466 	            0.0000179 	        27923.9218681 
116 	     57.500 	            0.0020645 	            0.0000179 	        27923.4142290 
117 	     58.000 	            0.0020824 	            0.0000179 	        27923.9100831 
118 	     58.500 	            0.0021003 	            0.0000179 	        27923.4176751 
119 	     59.000 	            0.0021182 	            0.0000179 	        27924.0955661 
120 	     59.500 	            0.0021361 	            0.0000180 	        27923.4582531 
121 	     60.000 	            0.0021540 	            0.0000179 	        27924.1758201 
122 	     60.500 	            0.0021719 	            0.0000179 	        27924.0043265 
123 	     61.000 	            0.0021898 	            0.0000179 	        27923.9072452 
124 	     61.500 	            0.0022077 	            0.0000179 	        27924.0224009 
125 	     62.000 	            0.0022256 	            0.0000179 	        27924.1335844 
126 	     62.500 	            0.0022436 	            0.0000180 	        27923.5273914 
127 	     63.000 	            0.0022615 	            0.0000179 	        27923.3903932 
128 	     63.500 	            0.0022793 	            0.0000179 	        27923.8686220 
129 	     64.000 	            0.0022973 	            0.0000179 	        27923.6174532 
130 	     64.500 	            0.0023151 	            0.0000179 	        27924.1597138 
131 	     65.000 	            0.0023331 	            0.0000180 	        27923.3933970 
132 	     65.500 	            0.0023510 	            0.0000179 	        27923.8109548 
133 	     66.000 	            0.0023689 	            0.0000179 	        27923.7882442 
134 	     66.500 	            0.0023867 	            0.0000179 	        27924.2848405 
135 	     67.000 	            0.0024047 	            0.0000179 	        27923.8346605 
136 	     67.500 	            0.0024226 	            0.0000179 	        27923.9364257 
137 	     68.000 	            0.0024405 	            0.0000179 	        27923.9083890 
138 	     68.500 	            0.0024584 	            0.0000179 	        27923.7078444 
139 	     69.000 	            0.0024763 	            0.0000179 	        27923.8222183 
140 	     69.500 	            0.0024942 	            0.0000179 	        27924.0612672 
141 	     70.000 	            0.0025121 	            0.0000179 	        27924.2536043 
142 	     70.500 	            0.0025300 	            0.0000179 	        27923.9270397 
143 	     71.000 	            0.0025479 	            0.0000178 	        27924.6092036 
144 	     71.500 	            0.0025659 	            0.0000180 	        27923.6026231 
145 	     72.000 	            0.0025838 	            0.0000179 	        27923.6951694 
146 	     72.500 	            0.0026016 	            0.0000179 	        27923.8590819 
147 	     73.000 	            0.0026196 	            0.0000179 	        27923.8682062 
148 	     73.500 	            0.0026374 	            0.0000179 	        27924.2861759 
149 	     74.000 	            0.0026554 	            0.0000179 	        27923.8693439 
150 	     74.500 	            0.0026733 	            0.0000179 	        27923.8650882 
151 	     75.000 	            0.0026912 	            0.0000179 	        27923.8353288 
152 	     75.500 	            0.0027091 	            0.0000179 	        27923.9964554 
153 	     76.000 	            0.0027270 	            0.0000179 	        27923.9171100 
154 	     76.500 	            0.0027448 	            0.0000179 	        27924.2941387 
155 	     77.000 	            0.0027628 	            0.0000179 	        27924.2914487 
156 	     77.500 	            0.0027806 	            0.0000179 	        27924.5291357 
157 	     78.000 	            0.0027985 	            0.0000179 	        27924.4952953 
158 	     78.500 	            0.0028165 	            0.0000179 	        27924.2598246 
159 	     79.000 	            0.0028344 	            0.0000179 	        27923.9212166 
160 	     79.500 	            0.0028523 	            0.0000179 	        27924.2466288 
161 	     80.000 	            0.0028702 	            0.0000179 	        27924.5850539 
162 	     80.500 	            0.0028881 	            0.0000179 	        27924.1844805 
163 	     81.000 	            0.0029060 	            0.0000179 	        27924.0459084 
164 	     81.500 	            0.0029239 	            0.0000179 	        27924.1821317 
165 	     82.000 	            0.0029418 	            0.0000179 	        27924.4241617 
166 	     82.500 	            0.0029598 	            0.0000180 	        27923.7645387 
167 	     83.000 	            0.0029776 	            0.0000179 	        27924.0616640 
168 	     83.500 	            0.0029956 	            0.0000179 	        27924.0050009 
169 	     84.000 	            0.0030134 	            0.0000178 	        27924.6485560 
170 	     84.500 	            0.0030313 	            0.0000179 	        27924.3750061 
171 	     85.000 	            0.0030492 	            0.0000179 	        27924.3089246 
172 	     85.500 	            0.0030672 	            0.0000179 	        27923.9516714 
173 	     86.000 	            0.0030851 	            0.0000179 	        27924.2555150 
174 	     86.500 	            0.0031030 	            0.0000179 	        27924.3100093 
175 	     87.000 	            0.0031209 	            0.0000179 	        27924.0519280 
176 	     87.500 	            0.0031388 	            0.0000179 	        27924.2914622 
177 	     88.000 	            0.0031567 	            0.0000179 	        27924.1172185 
178 	     88.500 	            0.0031746 	            0.0000179 	        27924.3593546 
179 	     89.000 	            0.0031925 	            0.0000179 	        27924.4856386 
180 	     89.500 	            0.0032104 	            0.0000179 	        27924.1989226 
181 	     90.000 	            0.0032283 	            0.0000179 	        27924.4559314 
182 	     90.500 	            0.0032461 	            0.0000179 	        27924.8388992 
183 	     91.000 	            0.0032641 	            0.0000179 	        27924.7850590 
184 	     91.500 	            0.0032820 	            0.0000179 	        27924.5588549 
185 	     92.000 	            0.0032999 	            0.0000179 	        27924.2841294 
186 	     92.500 	            0.0033178 	            0.0000179 	        27924.4058759 
187 	     93.000 	            0.0033357 	            0.0000179 	        27924.3263263 
188 	     93.500 	            0.0033537 	            0.0000180 	        27923.8783910 
189 	     94.000 	            0.0033716 	            0.0000179 	        27923.9005318 
190 	     94.500 	            0.0033894 	            0.0000178 	        27924.3985282 
191 	     95.000 	            0.0034074 	            0.0000179 	        27924.3217750 
192 	     95.500 	            0.0034253 	            0.0000179 	        27924.3770382 
193 	     96.000 	            0.0034432 	            0.0000179 	        27924.1029858 
194 	     96.500 	            0.0034611 	            0.0000179 	        27924.1375771 
195 	     97.000 	            0.0034790 	            0.0000179 	        27924.0976395 
196 	     97.500 	            0.0034968 	            0.0000178 	        27924.5801454 
197 	     98.000 	            0.0035148 	            0.0000179 	        27924.3176356 
198 	     98.500 	            0.0035327 	            0.0000179 	        27924.3092597 
199 	     99.000 	            0.0035506 	            0.0000179 	        27923.9611720 
200 	     99.500 	            0.0035685 	            0.0000178 	        27924.4525521 
201 	    100.000 	            0.0035864 	            0.0000179 	        27924.3813926 
202 	    100.500 	            0.0036043 	            0.0000179 	        27924.3005799 
203 	    101.000 	            0.0036222 	            0.0000179 	        27924.4980283 
204 	    101.500 	            0.0036402 	            0.0000180 	        27923.9592188 
205 	    102.000 	            0.0036580 	            0.0000179 	        27924.2770231 
206 	    102.500 	            0.0036760 	            0.0000179 	        27924.1844624 
207 	    103.000 	            0.0036939 	            0.0000179 	        27924.0987645 
208 	    103.500 	            0.0037118 	            0.0000179 	        27923.9873791 
209 	    104.000 	            0.0037297 	            0.0000179 	        27924.2055592 
210 	    104.500 	            0.0037476 	            0.0000180 	        27923.7309226 
211 	    105.000 	            0.0037655 	            0.0000179 	        27923.8351278 
212 	    105.500 	            0.0037835 	            0.0000179 	        27923.7021676 
213 	    106.000 	            0.0038013 	            0.0000179 	        27923.7996875 
214 	    106.500 	            0.0038193 	            0.0000179 	        27923.7925474 
215 	    107.000 	            0.0038371 	            0.0000179 	        27924.0922287 
216 	    107.500 	            0.0038551 	            0.0000180 	        27923.4893293 
217 	    108.000 	            0.0038729 	            0.0000178 	        27924.3681598 
218 	    108.500 	            0.0038908 	            0.0000179 	        27924.2327458 
219 	    109.000 	            0.0039089 	            0.0000180 	        27923.2454746 
220 	    109.500 	            0.0039267 	            0.0000179 	        27923.6184050 
221 	    110.000 	            0.0039446 	            0.0000179 	        27923.8803081 
222 	    110.500 	            0.0039625 	            0.0000180 	        27923.5373770 
223 	    111.000 	            0.0039803 	            0.0000178 	        27924.4624286 
224 	    111.500 	            0.0039983 	            0.0000180 	        27923.9403196 
225 	    112.000 	            0.0040163 	            0.0000180 	        27923.3769332 
226 	    112.500 	            0.0040342 	            0.0000179 	        27923.2780299 
227 	    113.000 	            0.0040521 	            0.0000179 	        27923.1675510 
228 	    113.500 	            0.0040700 	            0.0000179 	        27923.2612236 
229 	    114.000 	            0.0040879 	            0.0000179 	        27923.1085634 
230 	    114.500 	            0.0041058 	            0.0000178 	        27923.6765175 
231 	    115.000 	            0.0041237 	            0.0000179 	        27923.4174775 
232 	    115.500 	            0.0041416 	            0.0000179 	        27923.7421454 
233 	    116.000 	            0.0041596 	            0.0000180 	        27922.8210616 
234 	    116.500 	            0.0041774 	            0.0000178 	        27923.3631298 
235 	    117.000 	            0.0041953 	            0.0000179 	        27923.4428575 
236 	    117.500 	            0.0042132 	            0.0000179 	        27923.4779646 
237 	    118.000 	            0.0042312 	            0.0000180 	        27922.9920293 
238 	    118.500 	            0.0042491 	            0.0000179 	        27923.2760515 
239 	    119.000 	            0.0042669 	            0.0000179 	        27923.5016357 
240 	    119.500 	            0.0042850 	            0.0000180 	        27922.7673637 
241 	    120.000 	            0.0043029 	            0.0000179 	        27922.5411865 
242 	    120.500 	            0.0043207 	            0.0000178 	        27923.4400144 
243 	    121.000 	            0.0043387 	            0.0000180 	        27922.7872290 
244 	    121.500 	            0.0043565 	            0.0000179 	        27923.1208523 
245 	    122.000 	            0.0043744 	            0.0000179 	        27923.4179368 
246 	    122.500 	            0.0043923 	            0.0000179 	        27923.2160176 
247 	    123.000 	            0.0044102 	            0.0000179 	        27923.1722611 
248 	    123.500 	            0.0044282 	            0.0000180 	        27922.5935868 
249 	    124.000 	            0.0044461 	            0.0000179 	        27922.6873376 
250 	    124.500 	            0.0044641 	            0.0000179 	        27922.5066502 
251 	    125.000 	            0.0044819 	            0.0000178 	        27922.9560041 
252 	    125.500 	            0.0044998 	            0.0000179 	        27922.8369913 
253 	    126.000 	            0.0045178 	            0.0000180 	        27922.1933854 
254 	    126.500 	            0.0045355 	            0.0000177 	        27923.6328709 
255 	    127.000 	            0.0045535 	            0.0000180 	        27922.9656239 
256 	    127.500 	            0.0045715 	            0.0000180 	        27922.3773207 
257 	    128.000 	            0.0045894 	            0.0000179 	        27922.3699559 
258 	    128.500 	            0.0046073 	            0.0000179 	        27922.3938216 
259 	    129.000 	            0.0046252 	            0.0000179 	        27922.6095867 
260 	    129.500 	            0.0046431 	            0.0000179 	        27922.6504269 
261 	    130.000 	            0.0046611 	            0.0000180 	        27922.0879711 
262 	    130.500 	            0.0046790 	            0.0000179 	        27922.1857468 
263 	    131.000 	            0.0046969 	            0.0000179 	        27922.0544964 
264 	    131.500 	            0.0047148 	            0.0000178 	        27922.5738407 
265 	    132.000 	            0.0047327 	            0.0000180 	        27922.2615786 
266 	    132.500 	            0.0047506 	            0.0000179 	        27922.0709465 
267 	    133.000 	            0.0047686 	            0.0000180 	        27921.7845108 
268 	    133.500 	            0.0047865 	            0.0000179 	        27921.7141461 
269 	    134.000 	            0.0048044 	            0.0000179 	        27921.6432438 
270 	    134.500 	            0.0048223 	            0.0000179 	        27921.8603745 
271 	    135.000 	            0.0048402 	            0.0000179 	        27921.8340843 
272 	    135.500 	            0.0048581 	            0.0000179 	        27921.8664466 
273 	    136.000 	            0.0048761 	            0.0000180 	        27921.5854561 
274 	    136.500 	            0.0048939 	            0.0000178 	        27922.1488130 
275 	    137.000 	            0.0049119 	            0.0000180 	        27921.8005844 
276 	    137.500 	            0.0049298 	            0.0000179 	        27921.7432054 
277 	    138.000 	            0.0049477 	            0.0000179 	        27921.5619376 
278 	    138.500 	            0.0049656 	            0.0000179 	        27921.4757078 
279 	    139.000 	            0.0049836 	            0.0000180 	        27921.1521768 
