# Zc 	 Nc 	 t0 (s) 	 elapsed time (s) 	 F (Hz) 
1 	      0.000 	            0.0000069 	            0.0000000 	            0.0000000 
2 	      0.500 	            0.0000247 	            0.0000179 	        27974.7474914 
3 	      1.000 	            0.0000427 	            0.0000179 	        27941.5939501 
4 	      1.500 	            0.0000605 	            0.0000179 	        27948.0250652 
5 	      2.000 	            0.0000785 	            0.0000179 	        27937.3740414 
6 	      2.500 	            0.0000964 	            0.0000179 	        27937.0818453 
7 	      3.000 	            0.0001143 	            0.0000179 	        27930.8099194 
8 	      3.500 	            0.0001322 	            0.0000179 	        27928.2164676 
9 	      4.000 	            0.0001501 	            0.0000179 	        27927.4911764 
10 	      4.500 	            0.0001680 	            0.0000179 	        27935.2501612 
11 	      5.000 	            0.0001859 	            0.0000179 	        27927.8715172 
12 	      5.500 	            0.0002038 	            0.0000179 	        27931.7564607 
13 	      6.000 	            0.0002217 	            0.0000179 	        27929.9702437 
14 	      6.500 	            0.0002396 	            0.0000179 	        27931.5146738 
15 	      7.000 	            0.0002575 	            0.0000179 	        27930.6710295 
16 	      7.500 	            0.0002754 	            0.0000179 	        27930.0915912 
17 	      8.000 	            0.0002933 	            0.0000179 	        27929.4279631 
18 	      8.500 	            0.0003112 	            0.0000179 	        27933.0554648 
19 	      9.000 	            0.0003291 	            0.0000180 	        27927.6974739 
20 	      9.500 	            0.0003470 	            0.0000179 	        27931.3402445 
21 	     10.000 	            0.0003649 	            0.0000180 	        27926.5928737 
22 	     10.500 	            0.0003828 	            0.0000179 	        27927.3890081 
23 	     11.000 	            0.0004007 	            0.0000179 	        27927.6243800 
24 	     11.500 	            0.0004186 	            0.0000179 	        27929.2806262 
25 	     12.000 	            0.0004365 	            0.0000179 	        27927.6493182 
26 	     12.500 	            0.0004544 	            0.0000179 	        27928.9908294 
27 	     13.000 	            0.0004724 	            0.0000179 	        27926.8365180 
28 	     13.500 	            0.0004903 	            0.0000179 	        27927.7376553 
29 	     14.000 	            0.0005082 	            0.0000179 	        27926.4677580 
30 	     14.500 	            0.0005261 	            0.0000179 	        27927.5548882 
31 	     15.000 	            0.0005440 	            0.0000179 	        27927.1454749 
32 	     15.500 	            0.0005619 	            0.0000179 	        27927.5121541 
33 	     16.000 	            0.0005798 	            0.0000179 	        27927.6642264 
34 	     16.500 	            0.0005977 	            0.0000179 	        27927.3749326 
35 	     17.000 	            0.0006156 	            0.0000179 	        27926.2620855 
36 	     17.500 	            0.0006335 	            0.0000179 	        27926.9733505 
37 	     18.000 	            0.0006514 	            0.0000179 	        27926.6451536 
38 	     18.500 	            0.0006693 	            0.0000179 	        27926.6538116 
39 	     19.000 	            0.0006872 	            0.0000179 	        27927.4218738 
40 	     19.500 	            0.0007051 	            0.0000179 	        27926.9771825 
41 	     20.000 	            0.0007230 	            0.0000179 	        27926.9480672 
42 	     20.500 	            0.0007409 	            0.0000179 	        27926.3332702 
43 	     21.000 	            0.0007588 	            0.0000179 	        27926.3877711 
44 	     21.500 	            0.0007767 	            0.0000179 	        27926.4779650 
45 	     22.000 	            0.0007947 	            0.0000179 	        27925.9500077 
46 	     22.500 	            0.0008126 	            0.0000179 	        27926.3950594 
47 	     23.000 	            0.0008305 	            0.0000179 	        27926.5921491 
48 	     23.500 	            0.0008484 	            0.0000179 	        27925.7982248 
49 	     24.000 	            0.0008663 	            0.0000179 	        27926.0458454 
50 	     24.500 	            0.0008842 	            0.0000179 	        27925.7728353 
51 	     25.000 	            0.0009021 	            0.0000179 	        27925.3408176 
52 	     25.500 	            0.0009200 	            0.0000179 	        27925.6992109 
53 	     26.000 	            0.0009379 	            0.0000179 	        27925.4289221 
54 	     26.500 	            0.0009558 	            0.0000179 	        27925.7968962 
55 	     27.000 	            0.0009737 	            0.0000179 	        27925.5657168 
56 	     27.500 	            0.0009916 	            0.0000179 	        27925.8864861 
57 	     28.000 	            0.0010095 	            0.0000179 	        27925.3511939 
58 	     28.500 	            0.0010274 	            0.0000179 	        27925.6739462 
59 	     29.000 	            0.0010453 	            0.0000179 	        27925.5655120 
60 	     29.500 	            0.0010632 	            0.0000179 	        27925.9802125 
61 	     30.000 	            0.0010812 	            0.0000179 	        27925.5604025 
62 	     30.500 	            0.0010991 	            0.0000179 	        27925.4355085 
63 	     31.000 	            0.0011170 	            0.0000179 	        27925.1101576 
64 	     31.500 	            0.0011349 	            0.0000179 	        27925.4560995 
65 	     32.000 	            0.0011528 	            0.0000179 	        27925.2111704 
66 	     32.500 	            0.0011707 	            0.0000179 	        27924.8405549 
67 	     33.000 	            0.0011886 	            0.0000179 	        27925.3550998 
68 	     33.500 	            0.0012065 	            0.0000179 	        27925.6395416 
69 	     34.000 	            0.0012244 	            0.0000179 	        27924.9026708 
70 	     34.500 	            0.0012423 	            0.0000179 	        27925.2456921 
71 	     35.000 	            0.0012602 	            0.0000179 	        27924.9446835 
72 	     35.500 	            0.0012781 	            0.0000179 	        27925.2718398 
73 	     36.000 	            0.0012960 	            0.0000179 	        27924.8687921 
74 	     36.500 	            0.0013139 	            0.0000179 	        27925.3978133 
75 	     37.000 	            0.0013319 	            0.0000179 	        27924.8405303 
76 	     37.500 	            0.0013497 	            0.0000179 	        27925.3087406 
77 	     38.000 	            0.0013677 	            0.0000179 	        27925.0918459 
78 	     38.500 	            0.0013856 	            0.0000179 	        27925.1069164 
79 	     39.000 	            0.0014035 	            0.0000179 	        27924.5408372 
80 	     39.500 	            0.0014214 	            0.0000179 	        27925.0358475 
81 	     40.000 	            0.0014393 	            0.0000179 	        27924.4833696 
82 	     40.500 	            0.0014572 	            0.0000179 	        27924.6118912 
83 	     41.000 	            0.0014751 	            0.0000179 	        27925.0862889 
84 	     41.500 	            0.0014930 	            0.0000179 	        27924.7478040 
85 	     42.000 	            0.0015109 	            0.0000179 	        27924.4951686 
86 	     42.500 	            0.0015288 	            0.0000179 	        27924.8643646 
87 	     43.000 	            0.0015467 	            0.0000179 	        27924.4892126 
88 	     43.500 	            0.0015646 	            0.0000179 	        27924.6443110 
89 	     44.000 	            0.0015825 	            0.0000179 	        27924.7062535 
90 	     44.500 	            0.0016004 	            0.0000179 	        27925.0058823 
91 	     45.000 	            0.0016184 	            0.0000179 	        27924.4019019 
92 	     45.500 	            0.0016362 	            0.0000179 	        27924.7947058 
93 	     46.000 	            0.0016542 	            0.0000179 	        27924.6789538 
94 	     46.500 	            0.0016720 	            0.0000179 	        27924.9712957 
95 	     47.000 	            0.0016900 	            0.0000179 	        27924.3526405 
96 	     47.500 	            0.0017079 	            0.0000179 	        27924.8767625 
97 	     48.000 	            0.0017258 	            0.0000179 	        27924.7476228 
98 	     48.500 	            0.0017436 	            0.0000179 	        27925.1990919 
99 	     49.000 	            0.0017616 	            0.0000180 	        27924.3210813 
100 	     49.500 	            0.0017795 	            0.0000179 	        27924.3875111 
101 	     50.000 	            0.0017974 	            0.0000179 	        27924.6633272 
102 	     50.500 	            0.0018153 	            0.0000179 	        27924.7203922 
103 	     51.000 	            0.0018332 	            0.0000179 	        27924.2644262 
104 	     51.500 	            0.0018511 	            0.0000179 	        27924.4758243 
105 	     52.000 	            0.0018690 	            0.0000179 	        27924.4476925 
106 	     52.500 	            0.0018870 	            0.0000179 	        27924.0222243 
107 	     53.000 	            0.0019049 	            0.0000179 	        27924.0240222 
108 	     53.500 	            0.0019227 	            0.0000178 	        27925.0399271 
109 	     54.000 	            0.0019406 	            0.0000179 	        27924.7531466 
110 	     54.500 	            0.0019585 	            0.0000179 	        27924.7020880 
111 	     55.000 	            0.0019764 	            0.0000179 	        27924.7096143 
112 	     55.500 	            0.0019944 	            0.0000179 	        27924.6906911 
113 	     56.000 	            0.0020123 	            0.0000179 	        27924.6894648 
114 	     56.500 	            0.0020302 	            0.0000179 	        27924.5399881 
115 	     57.000 	            0.0020481 	            0.0000179 	        27924.7021049 
116 	     57.500 	            0.0020660 	            0.0000179 	        27924.7077016 
117 	     58.000 	            0.0020839 	            0.0000179 	        27924.4823618 
118 	     58.500 	            0.0021018 	            0.0000179 	        27924.6501262 
119 	     59.000 	            0.0021197 	            0.0000179 	        27924.3960730 
120 	     59.500 	            0.0021376 	            0.0000179 	        27924.7183301 
121 	     60.000 	            0.0021555 	            0.0000179 	        27924.4320967 
122 	     60.500 	            0.0021734 	            0.0000179 	        27924.8946618 
123 	     61.000 	            0.0021913 	            0.0000180 	        27924.2306785 
124 	     61.500 	            0.0022092 	            0.0000178 	        27925.0189017 
125 	     62.000 	            0.0022271 	            0.0000179 	        27924.7064472 
126 	     62.500 	            0.0022450 	            0.0000179 	        27924.5721204 
127 	     63.000 	            0.0022629 	            0.0000179 	        27924.7700091 
128 	     63.500 	            0.0022808 	            0.0000179 	        27924.8006752 
129 	     64.000 	            0.0022988 	            0.0000179 	        27924.4385947 
130 	     64.500 	            0.0023167 	            0.0000179 	        27924.6124620 
131 	     65.000 	            0.0023345 	            0.0000179 	        27925.1030079 
132 	     65.500 	            0.0023525 	            0.0000179 	        27924.6245827 
133 	     66.000 	            0.0023704 	            0.0000179 	        27924.8830530 
134 	     66.500 	            0.0023883 	            0.0000179 	        27924.7952990 
135 	     67.000 	            0.0024062 	            0.0000179 	        27924.4787967 
136 	     67.500 	            0.0024241 	            0.0000179 	        27924.6887953 
137 	     68.000 	            0.0024420 	            0.0000179 	        27924.5705947 
138 	     68.500 	            0.0024599 	            0.0000179 	        27924.8432506 
139 	     69.000 	            0.0024778 	            0.0000179 	        27924.6470637 
140 	     69.500 	            0.0024957 	            0.0000179 	        27925.2024719 
141 	     70.000 	            0.0025136 	            0.0000180 	        27924.6969256 
142 	     70.500 	            0.0025315 	            0.0000179 	        27924.8962296 
143 	     71.000 	            0.0025494 	            0.0000179 	        27924.6234580 
144 	     71.500 	            0.0025673 	            0.0000179 	        27924.6599493 
145 	     72.000 	            0.0025852 	            0.0000179 	        27924.6606139 
146 	     72.500 	            0.0026031 	            0.0000179 	        27924.8715575 
147 	     73.000 	            0.0026210 	            0.0000179 	        27924.8286818 
148 	     73.500 	            0.0026389 	            0.0000179 	        27925.0244692 
149 	     74.000 	            0.0026569 	            0.0000179 	        27924.6097829 
150 	     74.500 	            0.0026747 	            0.0000179 	        27925.0079497 
151 	     75.000 	            0.0026927 	            0.0000179 	        27924.7420510 
152 	     75.500 	            0.0027105 	            0.0000178 	        27925.3289895 
153 	     76.000 	            0.0027285 	            0.0000179 	        27924.8725993 
154 	     76.500 	            0.0027464 	            0.0000179 	        27924.9740703 
155 	     77.000 	            0.0027643 	            0.0000179 	        27924.7642575 
156 	     77.500 	            0.0027821 	            0.0000179 	        27925.1923486 
157 	     78.000 	            0.0028001 	            0.0000180 	        27924.4510900 
158 	     78.500 	            0.0028180 	            0.0000179 	        27924.7033017 
159 	     79.000 	            0.0028359 	            0.0000179 	        27924.8172489 
160 	     79.500 	            0.0028538 	            0.0000179 	        27924.8143801 
161 	     80.000 	            0.0028717 	            0.0000179 	        27924.6920183 
162 	     80.500 	            0.0028896 	            0.0000179 	        27924.8475195 
163 	     81.000 	            0.0029075 	            0.0000179 	        27924.9901162 
164 	     81.500 	            0.0029254 	            0.0000179 	        27924.7641639 
165 	     82.000 	            0.0029433 	            0.0000179 	        27924.7726832 
166 	     82.500 	            0.0029612 	            0.0000179 	        27924.9287912 
167 	     83.000 	            0.0029791 	            0.0000179 	        27924.8502792 
168 	     83.500 	            0.0029970 	            0.0000179 	        27924.9812591 
169 	     84.000 	            0.0030150 	            0.0000180 	        27924.2679268 
170 	     84.500 	            0.0030328 	            0.0000178 	        27925.2641082 
171 	     85.000 	            0.0030508 	            0.0000180 	        27924.5587160 
172 	     85.500 	            0.0030687 	            0.0000179 	        27924.7188846 
173 	     86.000 	            0.0030865 	            0.0000179 	        27925.1231664 
174 	     86.500 	            0.0031045 	            0.0000179 	        27924.7274951 
175 	     87.000 	            0.0031224 	            0.0000179 	        27924.7115651 
176 	     87.500 	            0.0031403 	            0.0000179 	        27924.4633950 
177 	     88.000 	            0.0031582 	            0.0000179 	        27924.9221332 
178 	     88.500 	            0.0031761 	            0.0000179 	        27924.9189121 
179 	     89.000 	            0.0031940 	            0.0000179 	        27924.9030000 
180 	     89.500 	            0.0032119 	            0.0000180 	        27924.4845454 
181 	     90.000 	            0.0032298 	            0.0000179 	        27924.6298211 
182 	     90.500 	            0.0032477 	            0.0000179 	        27925.0823240 
183 	     91.000 	            0.0032656 	            0.0000180 	        27924.6410091 
184 	     91.500 	            0.0032835 	            0.0000179 	        27924.9303723 
185 	     92.000 	            0.0033014 	            0.0000179 	        27924.7484636 
186 	     92.500 	            0.0033193 	            0.0000179 	        27925.1617289 
187 	     93.000 	            0.0033372 	            0.0000179 	        27924.9453163 
188 	     93.500 	            0.0033551 	            0.0000179 	        27924.8173386 
189 	     94.000 	            0.0033731 	            0.0000179 	        27924.7929733 
190 	     94.500 	            0.0033909 	            0.0000178 	        27925.3675099 
191 	     95.000 	            0.0034089 	            0.0000180 	        27924.7166682 
192 	     95.500 	            0.0034268 	            0.0000179 	        27924.6988054 
193 	     96.000 	            0.0034447 	            0.0000179 	        27924.9199587 
194 	     96.500 	            0.0034626 	            0.0000179 	        27924.8100515 
195 	     97.000 	            0.0034806 	            0.0000180 	        27924.2095997 
196 	     97.500 	            0.0034984 	            0.0000179 	        27924.5261959 
197 	     98.000 	            0.0035163 	            0.0000179 	        27924.6992634 
198 	     98.500 	            0.0035343 	            0.0000180 	        27924.1489164 
199 	     99.000 	            0.0035522 	            0.0000180 	        27923.7821199 
200 	     99.500 	            0.0035700 	            0.0000177 	        27925.0920444 
201 	    100.000 	            0.0035879 	            0.0000179 	        27924.9797576 
202 	    100.500 	            0.0036058 	            0.0000179 	        27924.8632540 
203 	    101.000 	            0.0036238 	            0.0000180 	        27924.3640004 
204 	    101.500 	            0.0036417 	            0.0000179 	        27924.6115326 
205 	    102.000 	            0.0036596 	            0.0000179 	        27924.3160035 
206 	    102.500 	            0.0036775 	            0.0000179 	        27924.4058551 
207 	    103.000 	            0.0036954 	            0.0000179 	        27924.5888922 
208 	    103.500 	            0.0037133 	            0.0000179 	        27924.6464564 
209 	    104.000 	            0.0037312 	            0.0000179 	        27924.4422437 
210 	    104.500 	            0.0037490 	            0.0000178 	        27924.8935051 
211 	    105.000 	            0.0037670 	            0.0000179 	        27924.6063925 
212 	    105.500 	            0.0037850 	            0.0000180 	        27924.0732829 
213 	    106.000 	            0.0038029 	            0.0000179 	        27924.1040486 
214 	    106.500 	            0.0038207 	            0.0000178 	        27924.6439361 
215 	    107.000 	            0.0038386 	            0.0000179 	        27924.9097841 
216 	    107.500 	            0.0038566 	            0.0000180 	        27924.3492951 
217 	    108.000 	            0.0038744 	            0.0000179 	        27924.5861943 
218 	    108.500 	            0.0038924 	            0.0000179 	        27924.3011760 
219 	    109.000 	            0.0039103 	            0.0000179 	        27924.4370893 
220 	    109.500 	            0.0039282 	            0.0000179 	        27924.3943547 
221 	    110.000 	            0.0039460 	            0.0000179 	        27924.7421719 
222 	    110.500 	            0.0039640 	            0.0000180 	        27924.1470234 
223 	    111.000 	            0.0039819 	            0.0000179 	        27924.3609750 
224 	    111.500 	            0.0039997 	            0.0000179 	        27924.7135791 
225 	    112.000 	            0.0040178 	            0.0000180 	        27924.0129931 
226 	    112.500 	            0.0040357 	            0.0000179 	        27923.9696313 
227 	    113.000 	            0.0040535 	            0.0000179 	        27924.3528383 
228 	    113.500 	            0.0040715 	            0.0000180 	        27923.8435862 
229 	    114.000 	            0.0040894 	            0.0000179 	        27924.0634444 
230 	    114.500 	            0.0041073 	            0.0000179 	        27924.0802592 
231 	    115.000 	            0.0041253 	            0.0000180 	        27923.4702342 
232 	    115.500 	            0.0041431 	            0.0000178 	        27924.1436886 
233 	    116.000 	            0.0041612 	            0.0000181 	        27922.6620025 
234 	    116.500 	            0.0041789 	            0.0000177 	        27923.9117386 
235 	    117.000 	            0.0041968 	            0.0000179 	        27923.9867881 
236 	    117.500 	            0.0042147 	            0.0000179 	        27924.0893271 
237 	    118.000 	            0.0042326 	            0.0000179 	        27923.8581199 
238 	    118.500 	            0.0042506 	            0.0000180 	        27923.5581663 
239 	    119.000 	            0.0042685 	            0.0000179 	        27923.4695719 
240 	    119.500 	            0.0042864 	            0.0000179 	        27923.6710079 
241 	    120.000 	            0.0043043 	            0.0000179 	        27923.4826329 
242 	    120.500 	            0.0043223 	            0.0000180 	        27922.8414220 
243 	    121.000 	            0.0043401 	            0.0000178 	        27923.4518572 
244 	    121.500 	            0.0043580 	            0.0000179 	        27923.5455032 
245 	    122.000 	            0.0043760 	            0.0000179 	        27923.3131321 
246 	    122.500 	            0.0043939 	            0.0000180 	        27923.0199365 
247 	    123.000 	            0.0044117 	            0.0000177 	        27924.1749440 
248 	    123.500 	            0.0044297 	            0.0000180 	        27923.5546351 
249 	    124.000 	            0.0044475 	            0.0000179 	        27923.7454059 
250 	    124.500 	            0.0044656 	            0.0000180 	        27922.9600052 
251 	    125.000 	            0.0044834 	            0.0000179 	        27923.2940214 
252 	    125.500 	            0.0045013 	            0.0000179 	        27923.5405895 
253 	    126.000 	            0.0045191 	            0.0000179 	        27923.8432130 
254 	    126.500 	            0.0045371 	            0.0000180 	        27923.3530761 
255 	    127.000 	            0.0045550 	            0.0000179 	        27923.2937066 
256 	    127.500 	            0.0045729 	            0.0000179 	        27923.3664878 
257 	    128.000 	            0.0045910 	            0.0000180 	        27922.5010397 
258 	    128.500 	            0.0046087 	            0.0000177 	        27923.5690867 
259 	    129.000 	            0.0046266 	            0.0000179 	        27923.4293637 
260 	    129.500 	            0.0046447 	            0.0000181 	        27922.2562579 
261 	    130.000 	            0.0046626 	            0.0000179 	        27922.5468077 
262 	    130.500 	            0.0046805 	            0.0000179 	        27922.4234061 
263 	    131.000 	            0.0046985 	            0.0000180 	        27922.0298064 
264 	    131.500 	            0.0047163 	            0.0000178 	        27922.9309293 
265 	    132.000 	            0.0047342 	            0.0000179 	        27922.6867932 
266 	    132.500 	            0.0047521 	            0.0000179 	        27922.9235902 
267 	    133.000 	            0.0047701 	            0.0000180 	        27922.1230791 
268 	    133.500 	            0.0047882 	            0.0000181 	        27921.1523161 
269 	    134.000 	            0.0048059 	            0.0000177 	        27922.2002943 
270 	    134.500 	            0.0048239 	            0.0000180 	        27921.6378724 
271 	    135.000 	            0.0048417 	            0.0000177 	        27922.5909484 
272 	    135.500 	            0.0048596 	            0.0000179 	        27922.4452675 
273 	    136.000 	            0.0048774 	            0.0000178 	        27923.1221724 
274 	    136.500 	            0.0048955 	            0.0000181 	        27921.9061371 
275 	    137.000 	            0.0049135 	            0.0000180 	        27921.5039001 
276 	    137.500 	            0.0049314 	            0.0000179 	        27921.3287979 
277 	    138.000 	            0.0049491 	            0.0000176 	        27922.8656231 
278 	    138.500 	            0.0049671 	            0.0000180 	        27922.3302382 
279 	    139.000 	            0.0049849 	            0.0000179 	        27922.6252018 
