# Zc 	 Nc 	 t0 (s) 	 elapsed time (s) 	 F (Hz) 
1 	      0.000 	            0.0000179 	            0.0000000 	            0.0000000 
2 	      0.500 	            0.0000358 	            0.0000179 	        27932.9608939 
3 	      1.000 	            0.0000537 	            0.0000179 	        27932.9608939 
4 	      1.500 	            0.0000716 	            0.0000179 	        27932.9608939 
5 	      2.000 	            0.0000895 	            0.0000179 	        27932.9608939 
6 	      2.500 	            0.0001074 	            0.0000179 	        27932.9608939 
7 	      3.000 	            0.0001253 	            0.0000179 	        27932.9608939 
8 	      3.500 	            0.0001432 	            0.0000179 	        27932.9608939 
9 	      4.000 	            0.0001611 	            0.0000179 	        27932.9608939 
10 	      4.500 	            0.0001789 	            0.0000179 	        27932.9608939 
11 	      5.000 	            0.0001968 	            0.0000179 	        27932.9608939 
12 	      5.500 	            0.0002147 	            0.0000179 	        27932.9608939 
13 	      6.000 	            0.0002326 	            0.0000179 	        27932.9608939 
14 	      6.500 	            0.0002505 	            0.0000179 	        27932.9608939 
15 	      7.000 	            0.0002685 	            0.0000179 	        27932.9608939 
16 	      7.500 	            0.0002863 	            0.0000179 	        27932.9608939 
17 	      8.000 	            0.0003043 	            0.0000179 	        27932.9608939 
18 	      8.500 	            0.0003222 	            0.0000180 	        27923.7844941 
19 	      9.000 	            0.0003401 	            0.0000178 	        27932.9608939 
20 	      9.500 	            0.0003580 	            0.0000180 	        27924.7501470 
21 	     10.000 	            0.0003758 	            0.0000178 	        27932.9608939 
22 	     10.500 	            0.0003938 	            0.0000180 	        27925.5319149 
23 	     11.000 	            0.0004118 	            0.0000179 	        27925.8695100 
24 	     11.500 	            0.0004296 	            0.0000179 	        27926.1777562 
25 	     12.000 	            0.0004476 	            0.0000179 	        27926.4603212 
26 	     12.500 	            0.0004654 	            0.0000179 	        27926.7202860 
27 	     13.000 	            0.0004834 	            0.0000179 	        27926.9602578 
28 	     13.500 	            0.0005012 	            0.0000179 	        27927.1824576 
29 	     14.000 	            0.0005192 	            0.0000179 	        27927.3887891 
30 	     14.500 	            0.0005371 	            0.0000179 	        27927.5808937 
31 	     15.000 	            0.0005550 	            0.0000179 	        27927.7601936 
32 	     15.500 	            0.0005728 	            0.0000179 	        27927.9279279 
33 	     16.000 	            0.0005908 	            0.0000179 	        27928.0851807 
34 	     16.500 	            0.0006087 	            0.0000179 	        27928.2329045 
35 	     17.000 	            0.0006266 	            0.0000179 	        27928.3719402 
36 	     17.500 	            0.0006444 	            0.0000179 	        27928.5030322 
37 	     18.000 	            0.0006623 	            0.0000179 	        27928.6268425 
38 	     18.500 	            0.0006803 	            0.0000180 	        27924.5283019 
39 	     19.000 	            0.0006982 	            0.0000179 	        27924.7501470 
40 	     19.500 	            0.0007162 	            0.0000179 	        27924.9606186 
41 	     20.000 	            0.0007340 	            0.0000179 	        27925.1605697 
42 	     20.500 	            0.0007519 	            0.0000179 	        27925.3507696 
43 	     21.000 	            0.0007698 	            0.0000179 	        27925.5319149 
44 	     21.500 	            0.0007878 	            0.0000179 	        27925.7046370 
45 	     22.000 	            0.0008056 	            0.0000179 	        27925.8695100 
46 	     22.500 	            0.0008235 	            0.0000179 	        27926.0270572 
47 	     23.000 	            0.0008414 	            0.0000179 	        27926.1777562 
48 	     23.500 	            0.0008594 	            0.0000179 	        27926.3220440 
49 	     24.000 	            0.0008772 	            0.0000179 	        27926.4603212 
50 	     24.500 	            0.0008951 	            0.0000179 	        27926.5929557 
51 	     25.000 	            0.0009130 	            0.0000179 	        27926.7202860 
52 	     25.500 	            0.0009310 	            0.0000179 	        27926.8426240 
53 	     26.000 	            0.0009488 	            0.0000179 	        27926.9602578 
54 	     26.500 	            0.0009667 	            0.0000179 	        27927.0734535 
55 	     27.000 	            0.0009847 	            0.0000179 	        27927.1824576 
56 	     27.500 	            0.0010026 	            0.0000180 	        27924.4516653 
57 	     28.000 	            0.0010205 	            0.0000179 	        27924.6035704 
58 	     28.500 	            0.0010385 	            0.0000179 	        27924.7501470 
59 	     29.000 	            0.0010564 	            0.0000179 	        27924.8916707 
60 	     29.500 	            0.0010743 	            0.0000179 	        27925.0283983 
61 	     30.000 	            0.0010922 	            0.0000179 	        27925.1605697 
62 	     30.500 	            0.0011101 	            0.0000179 	        27925.2884087 
63 	     31.000 	            0.0011279 	            0.0000179 	        27925.4121250 
64 	     31.500 	            0.0011458 	            0.0000179 	        27925.5319149 
65 	     32.000 	            0.0011637 	            0.0000179 	        27925.6479623 
66 	     32.500 	            0.0011817 	            0.0000179 	        27925.7604399 
67 	     33.000 	            0.0011996 	            0.0000179 	        27925.8695100 
68 	     33.500 	            0.0012175 	            0.0000179 	        27925.9753251 
69 	     34.000 	            0.0012354 	            0.0000179 	        27926.0780287 
70 	     34.500 	            0.0012533 	            0.0000180 	        27923.9174423 
71 	     35.000 	            0.0012713 	            0.0000179 	        27924.0465933 
72 	     35.500 	            0.0012891 	            0.0000179 	        27924.1721073 
73 	     36.000 	            0.0013071 	            0.0000179 	        27924.2941359 
74 	     36.500 	            0.0013250 	            0.0000179 	        27924.4128223 
75 	     37.000 	            0.0013429 	            0.0000179 	        27924.5283019 
76 	     37.500 	            0.0013607 	            0.0000179 	        27924.6407030 
77 	     38.000 	            0.0013786 	            0.0000179 	        27924.7501470 
78 	     38.500 	            0.0013965 	            0.0000179 	        27924.8567491 
79 	     39.000 	            0.0014144 	            0.0000179 	        27924.9606186 
80 	     39.500 	            0.0014323 	            0.0000179 	        27925.0618593 
81 	     40.000 	            0.0014503 	            0.0000179 	        27925.1605697 
82 	     40.500 	            0.0014682 	            0.0000179 	        27925.2568434 
83 	     41.000 	            0.0014861 	            0.0000179 	        27925.3507696 
84 	     41.500 	            0.0015040 	            0.0000180 	        27923.5634504 
85 	     42.000 	            0.0015218 	            0.0000178 	        27925.5319149 
86 	     42.500 	            0.0015397 	            0.0000179 	        27925.6192917 
87 	     43.000 	            0.0015576 	            0.0000179 	        27925.7046370 
88 	     43.500 	            0.0015757 	            0.0000180 	        27923.9953781 
89 	     44.000 	            0.0015936 	            0.0000179 	        27924.0972266 
90 	     44.500 	            0.0016114 	            0.0000179 	        27924.1967871 
91 	     45.000 	            0.0016293 	            0.0000179 	        27924.2941359 
92 	     45.500 	            0.0016472 	            0.0000179 	        27924.3893458 
93 	     46.000 	            0.0016652 	            0.0000179 	        27924.4824865 
94 	     46.500 	            0.0016831 	            0.0000179 	        27924.5736248 
95 	     47.000 	            0.0017010 	            0.0000179 	        27924.6628245 
96 	     47.500 	            0.0017189 	            0.0000179 	        27924.7501470 
97 	     48.000 	            0.0017368 	            0.0000179 	        27924.8356507 
98 	     48.500 	            0.0017548 	            0.0000180 	        27923.3116472 
99 	     49.000 	            0.0017725 	            0.0000178 	        27925.0014247 
100 	     49.500 	            0.0017904 	            0.0000179 	        27925.0818007 
101 	     50.000 	            0.0018084 	            0.0000179 	        27925.1605697 
102 	     50.500 	            0.0018264 	            0.0000180 	        27923.6936688 
103 	     51.000 	            0.0018442 	            0.0000178 	        27925.3134753 
104 	     51.500 	            0.0018621 	            0.0000180 	        27923.8735564 
105 	     52.000 	            0.0018800 	            0.0000179 	        27923.9609065 
106 	     52.500 	            0.0018980 	            0.0000179 	        27924.0465933 
107 	     53.000 	            0.0019158 	            0.0000179 	        27924.1306639 
108 	     53.500 	            0.0019338 	            0.0000179 	        27924.2131635 
109 	     54.000 	            0.0019517 	            0.0000179 	        27924.2941359 
110 	     54.500 	            0.0019696 	            0.0000179 	        27924.3736230 
111 	     55.000 	            0.0019874 	            0.0000179 	        27924.4516653 
112 	     55.500 	            0.0020053 	            0.0000179 	        27924.5283019 
113 	     56.000 	            0.0020232 	            0.0000179 	        27924.6035704 
114 	     56.500 	            0.0020412 	            0.0000179 	        27924.6775070 
115 	     57.000 	            0.0020590 	            0.0000179 	        27924.7501470 
116 	     57.500 	            0.0020770 	            0.0000179 	        27924.8215240 
117 	     58.000 	            0.0020948 	            0.0000179 	        27924.8916707 
118 	     58.500 	            0.0021128 	            0.0000179 	        27924.9606186 
119 	     59.000 	            0.0021306 	            0.0000179 	        27925.0283983 
120 	     59.500 	            0.0021487 	            0.0000180 	        27923.7844941 
121 	     60.000 	            0.0021665 	            0.0000179 	        27923.8609392 
122 	     60.500 	            0.0021843 	            0.0000178 	        27925.2250173 
123 	     61.000 	            0.0022023 	            0.0000179 	        27925.2884087 
124 	     61.500 	            0.0022201 	            0.0000179 	        27925.3507696 
125 	     62.000 	            0.0022381 	            0.0000180 	        27924.1543936 
126 	     62.500 	            0.0022560 	            0.0000179 	        27924.2248235 
127 	     63.000 	            0.0022740 	            0.0000179 	        27924.2941359 
128 	     63.500 	            0.0022918 	            0.0000179 	        27924.3623571 
129 	     64.000 	            0.0023098 	            0.0000179 	        27924.4295126 
130 	     64.500 	            0.0023276 	            0.0000179 	        27924.4956273 
131 	     65.000 	            0.0023456 	            0.0000179 	        27924.5607252 
132 	     65.500 	            0.0023635 	            0.0000179 	        27924.6248295 
133 	     66.000 	            0.0023813 	            0.0000179 	        27924.6879628 
134 	     66.500 	            0.0023993 	            0.0000179 	        27924.7501470 
135 	     67.000 	            0.0024171 	            0.0000179 	        27924.8114033 
136 	     67.500 	            0.0024351 	            0.0000179 	        27924.8717524 
137 	     68.000 	            0.0024531 	            0.0000180 	        27923.7844941 
138 	     68.500 	            0.0024709 	            0.0000179 	        27923.8514533 
139 	     69.000 	            0.0024888 	            0.0000178 	        27925.0475535 
140 	     69.500 	            0.0025067 	            0.0000179 	        27925.1044680 
141 	     70.000 	            0.0025245 	            0.0000179 	        27925.1605697 
142 	     70.500 	            0.0025424 	            0.0000179 	        27925.2158758 
143 	     71.000 	            0.0025604 	            0.0000179 	        27925.2704031 
144 	     71.500 	            0.0025784 	            0.0000180 	        27924.2335481 
145 	     72.000 	            0.0025962 	            0.0000178 	        27925.3771865 
146 	     72.500 	            0.0026140 	            0.0000179 	        27925.4294738 
147 	     73.000 	            0.0026320 	            0.0000180 	        27924.4128223 
148 	     73.500 	            0.0026499 	            0.0000179 	        27924.4709548 
149 	     74.000 	            0.0026679 	            0.0000179 	        27924.5283019 
150 	     74.500 	            0.0026857 	            0.0000179 	        27924.5848795 
151 	     75.000 	            0.0027037 	            0.0000179 	        27924.6407030 
152 	     75.500 	            0.0027215 	            0.0000179 	        27924.6957873 
153 	     76.000 	            0.0027395 	            0.0000179 	        27924.7501470 
154 	     76.500 	            0.0027574 	            0.0000180 	        27923.7844941 
155 	     77.000 	            0.0027752 	            0.0000178 	        27924.8567491 
156 	     77.500 	            0.0027932 	            0.0000179 	        27924.9090188 
157 	     78.000 	            0.0028110 	            0.0000179 	        27924.9606186 
158 	     78.500 	            0.0028290 	            0.0000179 	        27925.0115613 
159 	     79.000 	            0.0028468 	            0.0000179 	        27925.0618593 
160 	     79.500 	            0.0028648 	            0.0000180 	        27924.1306639 
161 	     80.000 	            0.0028827 	            0.0000178 	        27925.1605697 
162 	     80.500 	            0.0029006 	            0.0000179 	        27925.2090054 
163 	     81.000 	            0.0029185 	            0.0000180 	        27924.2941359 
164 	     81.500 	            0.0029363 	            0.0000178 	        27925.3040946 
165 	     82.000 	            0.0029543 	            0.0000179 	        27925.3507696 
166 	     82.500 	            0.0029723 	            0.0000180 	        27924.4516653 
167 	     83.000 	            0.0029902 	            0.0000179 	        27924.5029102 
168 	     83.500 	            0.0030080 	            0.0000179 	        27924.5535416 
169 	     84.000 	            0.0030260 	            0.0000179 	        27924.6035704 
170 	     84.500 	            0.0030438 	            0.0000179 	        27924.6530073 
171 	     85.000 	            0.0030616 	            0.0000178 	        27925.6192917 
172 	     85.500 	            0.0030796 	            0.0000180 	        27924.7501470 
173 	     86.000 	            0.0030976 	            0.0000180 	        27923.8911618 
174 	     86.500 	            0.0031155 	            0.0000178 	        27924.8450413 
175 	     87.000 	            0.0031334 	            0.0000179 	        27924.8916707 
176 	     87.500 	            0.0031512 	            0.0000179 	        27924.9377673 
177 	     88.000 	            0.0031691 	            0.0000179 	        27924.9833402 
178 	     88.500 	            0.0031871 	            0.0000179 	        27925.0283983 
179 	     89.000 	            0.0032051 	            0.0000180 	        27924.1967871 
180 	     89.500 	            0.0032229 	            0.0000178 	        27925.1170047 
181 	     90.000 	            0.0032407 	            0.0000179 	        27925.1605697 
182 	     90.500 	            0.0032587 	            0.0000179 	        27925.2036534 
183 	     91.000 	            0.0032766 	            0.0000179 	        27925.2462638 
184 	     91.500 	            0.0032944 	            0.0000179 	        27925.2884087 
185 	     92.000 	            0.0033124 	            0.0000180 	        27924.4824865 
186 	     92.500 	            0.0033304 	            0.0000179 	        27924.5283019 
187 	     93.000 	            0.0033482 	            0.0000179 	        27924.5736248 
188 	     93.500 	            0.0033660 	            0.0000178 	        27925.4524819 
189 	     94.000 	            0.0033840 	            0.0000180 	        27924.6628245 
190 	     94.500 	            0.0034019 	            0.0000179 	        27924.7067167 
191 	     95.000 	            0.0034199 	            0.0000179 	        27924.7501470 
192 	     95.500 	            0.0034377 	            0.0000179 	        27924.7931226 
193 	     96.000 	            0.0034557 	            0.0000179 	        27924.8356507 
194 	     96.500 	            0.0034737 	            0.0000180 	        27924.0696800 
195 	     97.000 	            0.0034913 	            0.0000177 	        27925.7233338 
196 	     97.500 	            0.0035094 	            0.0000181 	        27924.1608432 
197 	     98.000 	            0.0035274 	            0.0000179 	        27924.2057273 
198 	     98.500 	            0.0035451 	            0.0000178 	        27925.0418167 
199 	     99.000 	            0.0035632 	            0.0000180 	        27924.2941359 
200 	     99.500 	            0.0035810 	            0.0000179 	        27924.3376740 
201 	    100.000 	            0.0035990 	            0.0000179 	        27924.3807769 
202 	    100.500 	            0.0036168 	            0.0000178 	        27925.1993665 
203 	    101.000 	            0.0036347 	            0.0000180 	        27924.4657027 
204 	    101.500 	            0.0036527 	            0.0000179 	        27924.5075382 
205 	    102.000 	            0.0036705 	            0.0000179 	        27924.5489638 
206 	    102.500 	            0.0036885 	            0.0000179 	        27924.5899853 
207 	    103.000 	            0.0037065 	            0.0000180 	        27923.8735564 
208 	    103.500 	            0.0037243 	            0.0000179 	        27923.9174423 
209 	    104.000 	            0.0037422 	            0.0000179 	        27923.9609065 
210 	    104.500 	            0.0037602 	            0.0000179 	        27924.0039548 
211 	    105.000 	            0.0037779 	            0.0000178 	        27924.7892343 
212 	    105.500 	            0.0037960 	            0.0000180 	        27924.0888277 
213 	    106.000 	            0.0038138 	            0.0000179 	        27924.1306639 
214 	    106.500 	            0.0038318 	            0.0000179 	        27924.1721073 
215 	    107.000 	            0.0038497 	            0.0000179 	        27924.2131635 
216 	    107.500 	            0.0038674 	            0.0000178 	        27924.9792186 
217 	    108.000 	            0.0038854 	            0.0000180 	        27924.2941359 
218 	    108.500 	            0.0039033 	            0.0000179 	        27924.3340625 
219 	    109.000 	            0.0039212 	            0.0000179 	        27924.3736230 
220 	    109.500 	            0.0039392 	            0.0000179 	        27924.4128223 
221 	    110.000 	            0.0039571 	            0.0000179 	        27924.4516653 
222 	    110.500 	            0.0039750 	            0.0000180 	        27923.7844941 
223 	    111.000 	            0.0039930 	            0.0000179 	        27923.8258157 
224 	    111.500 	            0.0040108 	            0.0000179 	        27923.8667668 
225 	    112.000 	            0.0040287 	            0.0000179 	        27923.9073525 
226 	    112.500 	            0.0040465 	            0.0000178 	        27924.6407030 
227 	    113.000 	            0.0040646 	            0.0000180 	        27923.9874466 
228 	    113.500 	            0.0040824 	            0.0000179 	        27924.0269645 
229 	    114.000 	            0.0041004 	            0.0000179 	        27924.0661359 
230 	    114.500 	            0.0041183 	            0.0000179 	        27924.1049654 
231 	    115.000 	            0.0041361 	            0.0000179 	        27924.1434573 
232 	    115.500 	            0.0041542 	            0.0000180 	        27923.5065155 
233 	    116.000 	            0.0041720 	            0.0000178 	        27924.2194458 
234 	    116.500 	            0.0041901 	            0.0000181 	        27922.9183644 
235 	    117.000 	            0.0042078 	            0.0000178 	        27923.6276850 
236 	    117.500 	            0.0042257 	            0.0000178 	        27924.3310043 
237 	    118.000 	            0.0042436 	            0.0000180 	        27923.7067538 
238 	    118.500 	            0.0042617 	            0.0000180 	        27923.0877987 
239 	    119.000 	            0.0042795 	            0.0000178 	        27923.7844941 
240 	    119.500 	            0.0042974 	            0.0000180 	        27923.1703898 
241 	    120.000 	            0.0043152 	            0.0000178 	        27923.8609392 
242 	    120.500 	            0.0043332 	            0.0000179 	        27923.8986861 
243 	    121.000 	            0.0043511 	            0.0000180 	        27923.2917176 
244 	    121.500 	            0.0043692 	            0.0000180 	        27922.6897709 
245 	    122.000 	            0.0043868 	            0.0000177 	        27924.0100710 
246 	    122.500 	            0.0044049 	            0.0000180 	        27923.4100752 
247 	    123.000 	            0.0044227 	            0.0000179 	        27923.4488865 
248 	    123.500 	            0.0044405 	            0.0000178 	        27924.1187510 
249 	    124.000 	            0.0044586 	            0.0000181 	        27922.8967754 
250 	    124.500 	            0.0044765 	            0.0000179 	        27922.9371790 
251 	    125.000 	            0.0044942 	            0.0000177 	        27924.2248235 
252 	    125.500 	            0.0045123 	            0.0000180 	        27923.6383054 
253 	    126.000 	            0.0045302 	            0.0000180 	        27923.0564666 
254 	    126.500 	            0.0045480 	            0.0000178 	        27923.7119774 
255 	    127.000 	            0.0045661 	            0.0000180 	        27923.1344268 
256 	    127.500 	            0.0045841 	            0.0000180 	        27922.5614296 
257 	    128.000 	            0.0046018 	            0.0000178 	        27923.2111693 
258 	    128.500 	            0.0046198 	            0.0000180 	        27922.6423294 
259 	    129.000 	            0.0046377 	            0.0000178 	        27923.2867224 
260 	    129.500 	            0.0046556 	            0.0000180 	        27922.7219802 
261 	    130.000 	            0.0046736 	            0.0000179 	        27922.7613463 
262 	    130.500 	            0.0046914 	            0.0000178 	        27923.3978817 
263 	    131.000 	            0.0047095 	            0.0000181 	        27922.2440106 
264 	    131.500 	            0.0047273 	            0.0000179 	        27922.2847436 
265 	    132.000 	            0.0047452 	            0.0000179 	        27922.3251682 
266 	    132.500 	            0.0047632 	            0.0000179 	        27922.3652878 
267 	    133.000 	            0.0047809 	            0.0000178 	        27922.9913292 
268 	    133.500 	            0.0047989 	            0.0000180 	        27922.4446257 
269 	    134.000 	            0.0048167 	            0.0000178 	        27923.0657026 
270 	    134.500 	            0.0048348 	            0.0000181 	        27921.9431181 
271 	    135.000 	            0.0048527 	            0.0000178 	        27922.5614296 
272 	    135.500 	            0.0048705 	            0.0000179 	        27922.5997898 
273 	    136.000 	            0.0048886 	            0.0000181 	        27921.4913361 
274 	    136.500 	            0.0049064 	            0.0000178 	        27922.1044880 
275 	    137.000 	            0.0049244 	            0.0000179 	        27922.1440946 
276 	    137.500 	            0.0049423 	            0.0000179 	        27922.1834132 
277 	    138.000 	            0.0049604 	            0.0000181 	        27921.0925645 
278 	    138.500 	            0.0049780 	            0.0000177 	        27922.2611991 
279 	    139.000 	            0.0049959 	            0.0000179 	        27922.2996726 
