# Zc 	 Nc 	 t0 (s) 	 elapsed time (s) 	 F (Hz) 
1 	      0.000 	            0.0000126 	            0.0000000 	            0.0000000 
2 	      0.500 	            0.0000305 	            0.0000179 	        27906.3826245 
3 	      1.000 	            0.0000484 	            0.0000179 	        27925.3662293 
4 	      1.500 	            0.0000663 	            0.0000179 	        27922.0975634 
5 	      2.000 	            0.0000842 	            0.0000179 	        27927.5719936 
6 	      2.500 	            0.0001021 	            0.0000179 	        27927.8089668 
7 	      3.000 	            0.0001200 	            0.0000179 	        27926.3719525 
8 	      3.500 	            0.0001379 	            0.0000179 	        27924.8201798 
9 	      4.000 	            0.0001558 	            0.0000179 	        27928.2517471 
10 	      4.500 	            0.0001737 	            0.0000179 	        27926.0638871 
11 	      5.000 	            0.0001916 	            0.0000179 	        27929.6784183 
12 	      5.500 	            0.0002095 	            0.0000179 	        27925.7325951 
13 	      6.000 	            0.0002274 	            0.0000179 	        27927.9482322 
14 	      6.500 	            0.0002453 	            0.0000179 	        27926.5660675 
15 	      7.000 	            0.0002632 	            0.0000179 	        27927.7334089 
16 	      7.500 	            0.0002811 	            0.0000179 	        27926.1611935 
17 	      8.000 	            0.0002990 	            0.0000179 	        27927.5221297 
18 	      8.500 	            0.0003169 	            0.0000179 	        27926.3790555 
19 	      9.000 	            0.0003348 	            0.0000179 	        27926.9274833 
20 	      9.500 	            0.0003527 	            0.0000179 	        27926.2397941 
21 	     10.000 	            0.0003706 	            0.0000179 	        27926.7101087 
22 	     10.500 	            0.0003886 	            0.0000179 	        27925.6607670 
23 	     11.000 	            0.0004065 	            0.0000179 	        27926.6390143 
24 	     11.500 	            0.0004244 	            0.0000179 	        27926.5227048 
25 	     12.000 	            0.0004423 	            0.0000179 	        27926.4278233 
26 	     12.500 	            0.0004602 	            0.0000179 	        27926.4652090 
27 	     13.000 	            0.0004781 	            0.0000179 	        27926.1356870 
28 	     13.500 	            0.0004960 	            0.0000179 	        27926.4258449 
29 	     14.000 	            0.0005139 	            0.0000179 	        27926.9243250 
30 	     14.500 	            0.0005318 	            0.0000179 	        27926.6411091 
31 	     15.000 	            0.0005497 	            0.0000179 	        27926.2863748 
32 	     15.500 	            0.0005676 	            0.0000179 	        27926.1457480 
33 	     16.000 	            0.0005855 	            0.0000179 	        27926.4383749 
34 	     16.500 	            0.0006034 	            0.0000179 	        27925.6251202 
35 	     17.000 	            0.0006213 	            0.0000179 	        27926.2120303 
36 	     17.500 	            0.0006392 	            0.0000179 	        27925.8394160 
37 	     18.000 	            0.0006571 	            0.0000179 	        27926.1985613 
38 	     18.500 	            0.0006750 	            0.0000179 	        27925.4954794 
39 	     19.000 	            0.0006929 	            0.0000179 	        27925.9290962 
40 	     19.500 	            0.0007109 	            0.0000179 	        27924.8663209 
41 	     20.000 	            0.0007287 	            0.0000179 	        27926.1911898 
42 	     20.500 	            0.0007467 	            0.0000179 	        27925.3767757 
43 	     21.000 	            0.0007646 	            0.0000179 	        27925.7688927 
44 	     21.500 	            0.0007825 	            0.0000179 	        27925.3726567 
45 	     22.000 	            0.0008004 	            0.0000179 	        27925.5687947 
46 	     22.500 	            0.0008183 	            0.0000179 	        27925.7779838 
47 	     23.000 	            0.0008362 	            0.0000179 	        27925.6348455 
48 	     23.500 	            0.0008541 	            0.0000179 	        27925.7474465 
49 	     24.000 	            0.0008720 	            0.0000179 	        27925.6089334 
50 	     24.500 	            0.0008899 	            0.0000179 	        27925.0424450 
51 	     25.000 	            0.0009078 	            0.0000179 	        27925.5991457 
52 	     25.500 	            0.0009257 	            0.0000179 	        27925.2141007 
53 	     26.000 	            0.0009436 	            0.0000179 	        27925.8967016 
54 	     26.500 	            0.0009615 	            0.0000179 	        27925.1434553 
55 	     27.000 	            0.0009794 	            0.0000179 	        27925.7228408 
56 	     27.500 	            0.0009973 	            0.0000179 	        27925.6217294 
57 	     28.000 	            0.0010152 	            0.0000179 	        27925.5545457 
58 	     28.500 	            0.0010331 	            0.0000179 	        27925.7464612 
59 	     29.000 	            0.0010510 	            0.0000179 	        27925.3944124 
60 	     29.500 	            0.0010690 	            0.0000179 	        27925.0644752 
61 	     30.000 	            0.0010869 	            0.0000179 	        27925.4573008 
62 	     30.500 	            0.0011048 	            0.0000179 	        27924.9727198 
63 	     31.000 	            0.0011227 	            0.0000179 	        27925.3208082 
64 	     31.500 	            0.0011406 	            0.0000179 	        27925.1432139 
65 	     32.000 	            0.0011585 	            0.0000179 	        27925.1240751 
66 	     32.500 	            0.0011764 	            0.0000179 	        27924.7891953 
67 	     33.000 	            0.0011943 	            0.0000179 	        27925.5615321 
68 	     33.500 	            0.0012122 	            0.0000179 	        27925.1014941 
69 	     34.000 	            0.0012301 	            0.0000179 	        27924.8795442 
70 	     34.500 	            0.0012480 	            0.0000179 	        27924.9378059 
71 	     35.000 	            0.0012659 	            0.0000179 	        27925.1393612 
72 	     35.500 	            0.0012838 	            0.0000179 	        27925.0234832 
73 	     36.000 	            0.0013018 	            0.0000179 	        27924.3505752 
74 	     36.500 	            0.0013196 	            0.0000179 	        27924.9852395 
75 	     37.000 	            0.0013375 	            0.0000179 	        27925.1571649 
76 	     37.500 	            0.0013555 	            0.0000179 	        27924.7457746 
77 	     38.000 	            0.0013734 	            0.0000179 	        27925.0492341 
78 	     38.500 	            0.0013913 	            0.0000179 	        27925.0505311 
79 	     39.000 	            0.0014092 	            0.0000179 	        27924.7315099 
80 	     39.500 	            0.0014271 	            0.0000179 	        27924.5223168 
81 	     40.000 	            0.0014450 	            0.0000179 	        27923.8425237 
82 	     40.500 	            0.0014629 	            0.0000179 	        27924.6047359 
83 	     41.000 	            0.0014808 	            0.0000179 	        27924.6591795 
84 	     41.500 	            0.0014987 	            0.0000179 	        27924.9224577 
85 	     42.000 	            0.0015166 	            0.0000179 	        27924.9118480 
86 	     42.500 	            0.0015345 	            0.0000179 	        27924.3961561 
87 	     43.000 	            0.0015524 	            0.0000179 	        27924.2910578 
88 	     43.500 	            0.0015703 	            0.0000179 	        27924.4952891 
89 	     44.000 	            0.0015882 	            0.0000179 	        27924.9707919 
90 	     44.500 	            0.0016062 	            0.0000179 	        27924.4641015 
91 	     45.000 	            0.0016241 	            0.0000179 	        27924.4592064 
92 	     45.500 	            0.0016420 	            0.0000179 	        27924.4313749 
93 	     46.000 	            0.0016599 	            0.0000179 	        27924.6184113 
94 	     46.500 	            0.0016778 	            0.0000179 	        27924.1745234 
95 	     47.000 	            0.0016957 	            0.0000179 	        27924.5232535 
96 	     47.500 	            0.0017136 	            0.0000179 	        27924.3732925 
97 	     48.000 	            0.0017315 	            0.0000179 	        27924.4501547 
98 	     48.500 	            0.0017494 	            0.0000179 	        27924.3096199 
99 	     49.000 	            0.0017673 	            0.0000179 	        27924.1698001 
100 	     49.500 	            0.0017852 	            0.0000179 	        27923.8642429 
101 	     50.000 	            0.0018031 	            0.0000179 	        27924.5452605 
102 	     50.500 	            0.0018210 	            0.0000179 	        27924.2869253 
103 	     51.000 	            0.0018389 	            0.0000179 	        27924.8047867 
104 	     51.500 	            0.0018568 	            0.0000179 	        27924.3090858 
105 	     52.000 	            0.0018748 	            0.0000179 	        27924.2281010 
106 	     52.500 	            0.0018926 	            0.0000179 	        27924.3536048 
107 	     53.000 	            0.0019105 	            0.0000179 	        27924.8454083 
108 	     53.500 	            0.0019285 	            0.0000179 	        27924.3595762 
109 	     54.000 	            0.0019463 	            0.0000179 	        27924.8991101 
110 	     54.500 	            0.0019643 	            0.0000179 	        27924.2608788 
111 	     55.000 	            0.0019822 	            0.0000179 	        27924.5476271 
112 	     55.500 	            0.0020001 	            0.0000179 	        27924.5978671 
113 	     56.000 	            0.0020180 	            0.0000179 	        27924.5105911 
114 	     56.500 	            0.0020359 	            0.0000179 	        27924.1907336 
115 	     57.000 	            0.0020538 	            0.0000179 	        27924.5981181 
116 	     57.500 	            0.0020717 	            0.0000179 	        27924.8688215 
117 	     58.000 	            0.0020896 	            0.0000179 	        27924.7290273 
118 	     58.500 	            0.0021075 	            0.0000179 	        27924.4229957 
119 	     59.000 	            0.0021254 	            0.0000179 	        27924.1424819 
120 	     59.500 	            0.0021433 	            0.0000179 	        27924.3054160 
121 	     60.000 	            0.0021612 	            0.0000179 	        27924.2555176 
122 	     60.500 	            0.0021791 	            0.0000179 	        27924.3255729 
123 	     61.000 	            0.0021970 	            0.0000179 	        27924.8067436 
124 	     61.500 	            0.0022149 	            0.0000179 	        27924.6140388 
125 	     62.000 	            0.0022328 	            0.0000179 	        27924.5584987 
126 	     62.500 	            0.0022507 	            0.0000179 	        27924.6307077 
127 	     63.000 	            0.0022687 	            0.0000179 	        27924.4139100 
128 	     63.500 	            0.0022866 	            0.0000179 	        27924.3002863 
129 	     64.000 	            0.0023044 	            0.0000179 	        27924.6515189 
130 	     64.500 	            0.0023224 	            0.0000179 	        27924.3387059 
131 	     65.000 	            0.0023403 	            0.0000179 	        27924.7413015 
132 	     65.500 	            0.0023582 	            0.0000179 	        27924.3558108 
133 	     66.000 	            0.0023761 	            0.0000179 	        27924.2658674 
134 	     66.500 	            0.0023940 	            0.0000179 	        27924.6608672 
135 	     67.000 	            0.0024119 	            0.0000179 	        27924.3843355 
136 	     67.500 	            0.0024298 	            0.0000179 	        27924.6689274 
137 	     68.000 	            0.0024477 	            0.0000179 	        27924.7573161 
138 	     68.500 	            0.0024656 	            0.0000179 	        27924.2491695 
139 	     69.000 	            0.0024835 	            0.0000179 	        27924.7147670 
140 	     69.500 	            0.0025014 	            0.0000179 	        27924.3549696 
141 	     70.000 	            0.0025193 	            0.0000179 	        27924.6464572 
142 	     70.500 	            0.0025372 	            0.0000179 	        27924.4735921 
143 	     71.000 	            0.0025551 	            0.0000179 	        27924.6177542 
144 	     71.500 	            0.0025731 	            0.0000179 	        27924.3337370 
145 	     72.000 	            0.0025910 	            0.0000179 	        27924.0171919 
146 	     72.500 	            0.0026088 	            0.0000178 	        27924.7005695 
147 	     73.000 	            0.0026268 	            0.0000180 	        27924.1267703 
148 	     73.500 	            0.0026446 	            0.0000178 	        27924.8139549 
149 	     74.000 	            0.0026626 	            0.0000180 	        27924.1822694 
150 	     74.500 	            0.0026805 	            0.0000179 	        27924.4647322 
151 	     75.000 	            0.0026983 	            0.0000179 	        27924.8875409 
152 	     75.500 	            0.0027163 	            0.0000179 	        27924.5513827 
153 	     76.000 	            0.0027342 	            0.0000179 	        27924.5917175 
154 	     76.500 	            0.0027520 	            0.0000179 	        27925.0392247 
155 	     77.000 	            0.0027700 	            0.0000180 	        27924.5350784 
156 	     77.500 	            0.0027879 	            0.0000179 	        27924.7292046 
157 	     78.000 	            0.0028058 	            0.0000179 	        27925.1200712 
158 	     78.500 	            0.0028237 	            0.0000179 	        27924.9929959 
159 	     79.000 	            0.0028416 	            0.0000179 	        27924.8185488 
160 	     79.500 	            0.0028595 	            0.0000179 	        27924.4212755 
161 	     80.000 	            0.0028774 	            0.0000179 	        27924.8659194 
162 	     80.500 	            0.0028953 	            0.0000179 	        27924.5315253 
163 	     81.000 	            0.0029132 	            0.0000179 	        27924.7868790 
164 	     81.500 	            0.0029311 	            0.0000179 	        27924.6425045 
165 	     82.000 	            0.0029490 	            0.0000179 	        27924.6916862 
166 	     82.500 	            0.0029669 	            0.0000179 	        27924.7227324 
167 	     83.000 	            0.0029849 	            0.0000179 	        27924.5828030 
168 	     83.500 	            0.0030028 	            0.0000179 	        27924.6226379 
169 	     84.000 	            0.0030206 	            0.0000179 	        27924.8161062 
170 	     84.500 	            0.0030385 	            0.0000179 	        27925.0095496 
171 	     85.000 	            0.0030565 	            0.0000179 	        27924.6399593 
172 	     85.500 	            0.0030744 	            0.0000179 	        27924.7361507 
173 	     86.000 	            0.0030923 	            0.0000179 	        27924.4466622 
174 	     86.500 	            0.0031102 	            0.0000179 	        27924.6622286 
175 	     87.000 	            0.0031281 	            0.0000179 	        27924.5963453 
176 	     87.500 	            0.0031460 	            0.0000179 	        27924.6407316 
177 	     88.000 	            0.0031639 	            0.0000179 	        27924.5698581 
178 	     88.500 	            0.0031818 	            0.0000179 	        27924.7848003 
179 	     89.000 	            0.0031997 	            0.0000179 	        27925.0028278 
180 	     89.500 	            0.0032176 	            0.0000179 	        27925.1113240 
181 	     90.000 	            0.0032356 	            0.0000180 	        27924.3353508 
182 	     90.500 	            0.0032534 	            0.0000179 	        27924.5839460 
183 	     91.000 	            0.0032714 	            0.0000180 	        27924.0457551 
184 	     91.500 	            0.0032892 	            0.0000178 	        27925.0230678 
185 	     92.000 	            0.0033071 	            0.0000179 	        27924.8856700 
186 	     92.500 	            0.0033250 	            0.0000179 	        27925.1001780 
187 	     93.000 	            0.0033430 	            0.0000180 	        27924.5528490 
188 	     93.500 	            0.0033609 	            0.0000179 	        27924.7285911 
189 	     94.000 	            0.0033788 	            0.0000179 	        27924.5993506 
190 	     94.500 	            0.0033966 	            0.0000178 	        27925.0710943 
191 	     95.000 	            0.0034146 	            0.0000180 	        27924.2038156 
192 	     95.500 	            0.0034324 	            0.0000178 	        27925.2982717 
193 	     96.000 	            0.0034504 	            0.0000180 	        27924.6089220 
194 	     96.500 	            0.0034683 	            0.0000179 	        27924.6678320 
195 	     97.000 	            0.0034862 	            0.0000179 	        27924.7592758 
196 	     97.500 	            0.0035041 	            0.0000179 	        27924.7798012 
197 	     98.000 	            0.0035220 	            0.0000179 	        27924.4962778 
198 	     98.500 	            0.0035400 	            0.0000179 	        27924.3450488 
199 	     99.000 	            0.0035579 	            0.0000179 	        27924.3567615 
200 	     99.500 	            0.0035757 	            0.0000179 	        27924.6682361 
201 	    100.000 	            0.0035936 	            0.0000178 	        27925.1360933 
202 	    100.500 	            0.0036116 	            0.0000180 	        27924.3186833 
203 	    101.000 	            0.0036294 	            0.0000178 	        27924.7868567 
204 	    101.500 	            0.0036473 	            0.0000179 	        27925.0195092 
205 	    102.000 	            0.0036653 	            0.0000180 	        27924.2193013 
206 	    102.500 	            0.0036832 	            0.0000179 	        27924.0821698 
207 	    103.000 	            0.0037011 	            0.0000178 	        27924.5114655 
208 	    103.500 	            0.0037190 	            0.0000179 	        27924.3980090 
209 	    104.000 	            0.0037369 	            0.0000179 	        27924.6164195 
210 	    104.500 	            0.0037548 	            0.0000179 	        27924.7414695 
211 	    105.000 	            0.0037727 	            0.0000179 	        27924.4507667 
212 	    105.500 	            0.0037906 	            0.0000179 	        27924.3655055 
213 	    106.000 	            0.0038085 	            0.0000179 	        27924.5884004 
214 	    106.500 	            0.0038265 	            0.0000179 	        27924.2767935 
215 	    107.000 	            0.0038443 	            0.0000179 	        27924.5007949 
216 	    107.500 	            0.0038623 	            0.0000179 	        27924.2012396 
217 	    108.000 	            0.0038802 	            0.0000179 	        27924.4068315 
218 	    108.500 	            0.0038981 	            0.0000179 	        27924.4598042 
219 	    109.000 	            0.0039160 	            0.0000179 	        27924.4917605 
220 	    109.500 	            0.0039339 	            0.0000179 	        27924.5333414 
221 	    110.000 	            0.0039518 	            0.0000179 	        27924.5501453 
222 	    110.500 	            0.0039698 	            0.0000180 	        27923.7892053 
223 	    111.000 	            0.0039876 	            0.0000179 	        27924.0633123 
224 	    111.500 	            0.0040056 	            0.0000179 	        27923.8835916 
225 	    112.000 	            0.0040234 	            0.0000179 	        27924.1841003 
226 	    112.500 	            0.0040414 	            0.0000179 	        27924.0228031 
227 	    113.000 	            0.0040593 	            0.0000180 	        27923.6146578 
228 	    113.500 	            0.0040772 	            0.0000179 	        27923.9021720 
229 	    114.000 	            0.0040950 	            0.0000179 	        27924.2614794 
230 	    114.500 	            0.0041130 	            0.0000180 	        27923.7997153 
231 	    115.000 	            0.0041310 	            0.0000179 	        27923.5704157 
232 	    115.500 	            0.0041487 	            0.0000177 	        27924.6273494 
233 	    116.000 	            0.0041668 	            0.0000181 	        27923.6046582 
234 	    116.500 	            0.0041846 	            0.0000179 	        27923.7232392 
235 	    117.000 	            0.0042024 	            0.0000178 	        27924.4705057 
236 	    117.500 	            0.0042204 	            0.0000180 	        27923.9616918 
237 	    118.000 	            0.0042383 	            0.0000179 	        27924.1537819 
238 	    118.500 	            0.0042562 	            0.0000179 	        27924.3032651 
239 	    119.000 	            0.0042742 	            0.0000180 	        27923.5608867 
240 	    119.500 	            0.0042920 	            0.0000178 	        27924.2151571 
241 	    120.000 	            0.0043100 	            0.0000180 	        27923.8394729 
242 	    120.500 	            0.0043280 	            0.0000180 	        27923.0547094 
243 	    121.000 	            0.0043459 	            0.0000179 	        27923.3136719 
244 	    121.500 	            0.0043637 	            0.0000179 	        27923.6536833 
245 	    122.000 	            0.0043817 	            0.0000180 	        27923.3094999 
246 	    122.500 	            0.0043996 	            0.0000179 	        27923.5001359 
247 	    123.000 	            0.0044174 	            0.0000178 	        27923.9884826 
248 	    123.500 	            0.0044354 	            0.0000180 	        27923.2806533 
249 	    124.000 	            0.0044532 	            0.0000178 	        27923.8174896 
250 	    124.500 	            0.0044712 	            0.0000179 	        27923.6293584 
251 	    125.000 	            0.0044891 	            0.0000180 	        27923.2463614 
252 	    125.500 	            0.0045069 	            0.0000178 	        27923.9916964 
253 	    126.000 	            0.0045250 	            0.0000181 	        27922.9482945 
254 	    126.500 	            0.0045428 	            0.0000178 	        27923.6982088 
255 	    127.000 	            0.0045607 	            0.0000179 	        27923.6426280 
256 	    127.500 	            0.0045787 	            0.0000180 	        27923.2227932 
257 	    128.000 	            0.0045966 	            0.0000179 	        27923.0152971 
258 	    128.500 	            0.0046145 	            0.0000179 	        27923.0216842 
259 	    129.000 	            0.0046324 	            0.0000179 	        27923.0436352 
260 	    129.500 	            0.0046504 	            0.0000180 	        27922.4395929 
261 	    130.000 	            0.0046682 	            0.0000178 	        27923.2605559 
262 	    130.500 	            0.0046861 	            0.0000180 	        27922.9782189 
263 	    131.000 	            0.0047042 	            0.0000181 	        27922.1010310 
264 	    131.500 	            0.0047220 	            0.0000178 	        27922.8301639 
265 	    132.000 	            0.0047398 	            0.0000178 	        27923.2290865 
266 	    132.500 	            0.0047576 	            0.0000178 	        27923.7229374 
267 	    133.000 	            0.0047757 	            0.0000181 	        27922.7986149 
268 	    133.500 	            0.0047936 	            0.0000179 	        27923.0266582 
269 	    134.000 	            0.0048116 	            0.0000180 	        27922.2636045 
270 	    134.500 	            0.0048295 	            0.0000179 	        27922.3697831 
271 	    135.000 	            0.0048473 	            0.0000178 	        27922.8369935 
272 	    135.500 	            0.0048655 	            0.0000181 	        27921.4578039 
273 	    136.000 	            0.0048832 	            0.0000177 	        27922.4260008 
274 	    136.500 	            0.0049011 	            0.0000179 	        27922.4710820 
275 	    137.000 	            0.0049192 	            0.0000181 	        27921.4562047 
276 	    137.500 	            0.0049370 	            0.0000178 	        27921.8425765 
277 	    138.000 	            0.0049549 	            0.0000178 	        27922.2236597 
278 	    138.500 	            0.0049728 	            0.0000179 	        27922.2919893 
279 	    139.000 	            0.0049907 	            0.0000180 	        27921.9888338 
