# Zc 	 Nc 	 t0 (s) 	 elapsed time (s) 	 F (Hz) 
1 	      0.000 	            0.0000165 	            0.0000000 	            0.0000000 
2 	      0.500 	            0.0000344 	            0.0000179 	        27928.7791533 
3 	      1.000 	            0.0000523 	            0.0000179 	        27925.3265524 
4 	      1.500 	            0.0000702 	            0.0000179 	        27928.9621844 
5 	      2.000 	            0.0000881 	            0.0000179 	        27929.0408435 
6 	      2.500 	            0.0001060 	            0.0000179 	        27925.7599309 
7 	      3.000 	            0.0001239 	            0.0000179 	        27926.8534400 
8 	      3.500 	            0.0001418 	            0.0000179 	        27925.6985078 
9 	      4.000 	            0.0001597 	            0.0000179 	        27926.9951501 
10 	      4.500 	            0.0001776 	            0.0000179 	        27926.1172837 
11 	      5.000 	            0.0001955 	            0.0000179 	        27926.4807052 
12 	      5.500 	            0.0002134 	            0.0000179 	        27925.8011231 
13 	      6.000 	            0.0002313 	            0.0000179 	        27927.9602093 
14 	      6.500 	            0.0002492 	            0.0000179 	        27926.1432890 
15 	      7.000 	            0.0002671 	            0.0000179 	        27925.4776309 
16 	      7.500 	            0.0002850 	            0.0000179 	        27929.5237460 
17 	      8.000 	            0.0003029 	            0.0000179 	        27927.5820645 
18 	      8.500 	            0.0003209 	            0.0000179 	        27924.5717280 
19 	      9.000 	            0.0003387 	            0.0000179 	        27926.8798944 
20 	      9.500 	            0.0003567 	            0.0000179 	        27924.7331533 
21 	     10.000 	            0.0003745 	            0.0000179 	        27926.6475977 
22 	     10.500 	            0.0003925 	            0.0000179 	        27925.4777761 
23 	     11.000 	            0.0004104 	            0.0000179 	        27925.6836857 
24 	     11.500 	            0.0004283 	            0.0000179 	        27925.3335793 
25 	     12.000 	            0.0004462 	            0.0000179 	        27925.6495526 
26 	     12.500 	            0.0004641 	            0.0000179 	        27925.7471043 
27 	     13.000 	            0.0004820 	            0.0000179 	        27925.4619775 
28 	     13.500 	            0.0004999 	            0.0000179 	        27925.5169777 
29 	     14.000 	            0.0005178 	            0.0000179 	        27925.6828641 
30 	     14.500 	            0.0005357 	            0.0000179 	        27925.6972479 
31 	     15.000 	            0.0005536 	            0.0000179 	        27925.0524771 
32 	     15.500 	            0.0005715 	            0.0000179 	        27925.3594787 
33 	     16.000 	            0.0005894 	            0.0000179 	        27925.6872028 
34 	     16.500 	            0.0006073 	            0.0000179 	        27925.8970745 
35 	     17.000 	            0.0006252 	            0.0000179 	        27925.9661238 
36 	     17.500 	            0.0006431 	            0.0000179 	        27925.0889424 
37 	     18.000 	            0.0006610 	            0.0000179 	        27925.5423421 
38 	     18.500 	            0.0006790 	            0.0000179 	        27924.9898627 
39 	     19.000 	            0.0006968 	            0.0000179 	        27925.6969170 
40 	     19.500 	            0.0007148 	            0.0000179 	        27925.3688042 
41 	     20.000 	            0.0007326 	            0.0000179 	        27925.8099611 
42 	     20.500 	            0.0007506 	            0.0000179 	        27924.8861266 
43 	     21.000 	            0.0007685 	            0.0000179 	        27925.3978831 
44 	     21.500 	            0.0007864 	            0.0000179 	        27924.9559891 
45 	     22.000 	            0.0008043 	            0.0000179 	        27925.2456976 
46 	     22.500 	            0.0008222 	            0.0000179 	        27925.3252943 
47 	     23.000 	            0.0008401 	            0.0000179 	        27925.6428514 
48 	     23.500 	            0.0008580 	            0.0000179 	        27924.5004362 
49 	     24.000 	            0.0008759 	            0.0000179 	        27925.4138305 
50 	     24.500 	            0.0008938 	            0.0000179 	        27924.9061063 
51 	     25.000 	            0.0009117 	            0.0000179 	        27925.1886859 
52 	     25.500 	            0.0009296 	            0.0000179 	        27924.4850936 
53 	     26.000 	            0.0009475 	            0.0000179 	        27924.9238107 
54 	     26.500 	            0.0009654 	            0.0000179 	        27924.6667561 
55 	     27.000 	            0.0009833 	            0.0000179 	        27925.0421340 
56 	     27.500 	            0.0010013 	            0.0000179 	        27924.6595017 
57 	     28.000 	            0.0010192 	            0.0000179 	        27924.3101472 
58 	     28.500 	            0.0010371 	            0.0000179 	        27923.9135523 
59 	     29.000 	            0.0010550 	            0.0000179 	        27924.9778311 
60 	     29.500 	            0.0010729 	            0.0000179 	        27924.6909747 
61 	     30.000 	            0.0010908 	            0.0000179 	        27924.8706259 
62 	     30.500 	            0.0011087 	            0.0000179 	        27924.4761691 
63 	     31.000 	            0.0011266 	            0.0000179 	        27924.8245130 
64 	     31.500 	            0.0011445 	            0.0000179 	        27924.2935966 
65 	     32.000 	            0.0011624 	            0.0000179 	        27923.8108061 
66 	     32.500 	            0.0011803 	            0.0000179 	        27924.5092812 
67 	     33.000 	            0.0011982 	            0.0000179 	        27924.8585453 
68 	     33.500 	            0.0012161 	            0.0000179 	        27924.0517243 
69 	     34.000 	            0.0012340 	            0.0000179 	        27924.4751256 
70 	     34.500 	            0.0012519 	            0.0000179 	        27924.5274336 
71 	     35.000 	            0.0012699 	            0.0000179 	        27924.0714673 
72 	     35.500 	            0.0012878 	            0.0000179 	        27923.9121741 
73 	     36.000 	            0.0013057 	            0.0000179 	        27924.4558968 
74 	     36.500 	            0.0013236 	            0.0000179 	        27924.2878532 
75 	     37.000 	            0.0013415 	            0.0000179 	        27924.4482594 
76 	     37.500 	            0.0013594 	            0.0000179 	        27924.2901883 
77 	     38.000 	            0.0013773 	            0.0000179 	        27924.1981402 
78 	     38.500 	            0.0013952 	            0.0000179 	        27924.6177284 
79 	     39.000 	            0.0014131 	            0.0000179 	        27924.4231872 
80 	     39.500 	            0.0014310 	            0.0000179 	        27924.0072468 
81 	     40.000 	            0.0014489 	            0.0000179 	        27924.3241836 
82 	     40.500 	            0.0014668 	            0.0000179 	        27924.2428205 
83 	     41.000 	            0.0014847 	            0.0000179 	        27924.4823382 
84 	     41.500 	            0.0015026 	            0.0000179 	        27924.2146853 
85 	     42.000 	            0.0015205 	            0.0000179 	        27924.0233403 
86 	     42.500 	            0.0015385 	            0.0000179 	        27923.9156261 
87 	     43.000 	            0.0015564 	            0.0000179 	        27924.0426835 
88 	     43.500 	            0.0015743 	            0.0000179 	        27923.9162749 
89 	     44.000 	            0.0015922 	            0.0000179 	        27923.8332737 
90 	     44.500 	            0.0016101 	            0.0000179 	        27924.2915057 
91 	     45.000 	            0.0016280 	            0.0000179 	        27924.1985306 
92 	     45.500 	            0.0016459 	            0.0000179 	        27924.0374106 
93 	     46.000 	            0.0016638 	            0.0000179 	        27923.9912472 
94 	     46.500 	            0.0016817 	            0.0000179 	        27924.1887729 
95 	     47.000 	            0.0016996 	            0.0000179 	        27923.7833681 
96 	     47.500 	            0.0017175 	            0.0000179 	        27923.6982034 
97 	     48.000 	            0.0017354 	            0.0000179 	        27924.5934686 
98 	     48.500 	            0.0017533 	            0.0000179 	        27923.9174794 
99 	     49.000 	            0.0017712 	            0.0000179 	        27924.2779238 
100 	     49.500 	            0.0017892 	            0.0000179 	        27923.7286779 
101 	     50.000 	            0.0018070 	            0.0000179 	        27924.4882086 
102 	     50.500 	            0.0018250 	            0.0000179 	        27923.8473691 
103 	     51.000 	            0.0018429 	            0.0000179 	        27923.9491255 
104 	     51.500 	            0.0018608 	            0.0000179 	        27923.9480524 
105 	     52.000 	            0.0018786 	            0.0000179 	        27924.3698049 
106 	     52.500 	            0.0018966 	            0.0000179 	        27923.9195750 
107 	     53.000 	            0.0019145 	            0.0000179 	        27923.8234165 
108 	     53.500 	            0.0019324 	            0.0000179 	        27923.8501863 
109 	     54.000 	            0.0019503 	            0.0000179 	        27924.1208005 
110 	     54.500 	            0.0019682 	            0.0000179 	        27924.1841852 
111 	     55.000 	            0.0019861 	            0.0000179 	        27923.9156269 
112 	     55.500 	            0.0020040 	            0.0000179 	        27924.1345230 
113 	     56.000 	            0.0020219 	            0.0000179 	        27923.9624479 
114 	     56.500 	            0.0020398 	            0.0000179 	        27923.7590019 
115 	     57.000 	            0.0020577 	            0.0000179 	        27923.9068313 
116 	     57.500 	            0.0020756 	            0.0000179 	        27924.1743359 
117 	     58.000 	            0.0020935 	            0.0000179 	        27924.2601355 
118 	     58.500 	            0.0021114 	            0.0000179 	        27924.2050458 
119 	     59.000 	            0.0021293 	            0.0000179 	        27924.4213023 
120 	     59.500 	            0.0021472 	            0.0000179 	        27924.4794853 
121 	     60.000 	            0.0021652 	            0.0000180 	        27923.7931856 
122 	     60.500 	            0.0021830 	            0.0000179 	        27924.2190384 
123 	     61.000 	            0.0022010 	            0.0000179 	        27924.1001728 
124 	     61.500 	            0.0022188 	            0.0000179 	        27924.3294436 
125 	     62.000 	            0.0022368 	            0.0000179 	        27924.2985632 
126 	     62.500 	            0.0022547 	            0.0000180 	        27923.7316047 
127 	     63.000 	            0.0022726 	            0.0000179 	        27923.9263655 
128 	     63.500 	            0.0022905 	            0.0000179 	        27924.2059400 
129 	     64.000 	            0.0023084 	            0.0000179 	        27924.4330801 
130 	     64.500 	            0.0023263 	            0.0000179 	        27924.3145314 
131 	     65.000 	            0.0023442 	            0.0000179 	        27924.3145356 
132 	     65.500 	            0.0023621 	            0.0000179 	        27924.3662954 
133 	     66.000 	            0.0023800 	            0.0000179 	        27924.1744728 
134 	     66.500 	            0.0023979 	            0.0000179 	        27924.1713649 
135 	     67.000 	            0.0024158 	            0.0000179 	        27924.5576813 
136 	     67.500 	            0.0024337 	            0.0000180 	        27924.0356441 
137 	     68.000 	            0.0024516 	            0.0000179 	        27924.5753091 
138 	     68.500 	            0.0024695 	            0.0000179 	        27924.2060334 
139 	     69.000 	            0.0024875 	            0.0000179 	        27923.9158090 
140 	     69.500 	            0.0025054 	            0.0000179 	        27924.0778880 
141 	     70.000 	            0.0025232 	            0.0000179 	        27924.5353276 
142 	     70.500 	            0.0025411 	            0.0000179 	        27924.5582113 
143 	     71.000 	            0.0025590 	            0.0000179 	        27924.4098222 
144 	     71.500 	            0.0025769 	            0.0000179 	        27924.4072121 
145 	     72.000 	            0.0025949 	            0.0000179 	        27924.3566443 
146 	     72.500 	            0.0026128 	            0.0000179 	        27924.4200498 
147 	     73.000 	            0.0026307 	            0.0000179 	        27924.5097089 
148 	     73.500 	            0.0026486 	            0.0000179 	        27924.4300632 
149 	     74.000 	            0.0026665 	            0.0000179 	        27924.1869213 
150 	     74.500 	            0.0026844 	            0.0000179 	        27924.4599561 
151 	     75.000 	            0.0027023 	            0.0000179 	        27924.4237866 
152 	     75.500 	            0.0027202 	            0.0000179 	        27924.4173633 
153 	     76.000 	            0.0027381 	            0.0000179 	        27924.4196298 
154 	     76.500 	            0.0027560 	            0.0000179 	        27924.3839975 
155 	     77.000 	            0.0027739 	            0.0000179 	        27924.3233841 
156 	     77.500 	            0.0027918 	            0.0000179 	        27924.7680486 
157 	     78.000 	            0.0028097 	            0.0000179 	        27924.5627079 
158 	     78.500 	            0.0028276 	            0.0000179 	        27924.4256912 
159 	     79.000 	            0.0028455 	            0.0000179 	        27924.4161188 
160 	     79.500 	            0.0028634 	            0.0000179 	        27924.3009537 
161 	     80.000 	            0.0028813 	            0.0000179 	        27924.5923455 
162 	     80.500 	            0.0028992 	            0.0000179 	        27924.5057193 
163 	     81.000 	            0.0029172 	            0.0000179 	        27924.4191365 
164 	     81.500 	            0.0029350 	            0.0000179 	        27924.5472919 
165 	     82.000 	            0.0029529 	            0.0000179 	        27924.7333461 
166 	     82.500 	            0.0029708 	            0.0000179 	        27924.6498509 
167 	     83.000 	            0.0029888 	            0.0000179 	        27924.4035878 
168 	     83.500 	            0.0030066 	            0.0000178 	        27925.0444907 
169 	     84.000 	            0.0030246 	            0.0000180 	        27924.3235500 
170 	     84.500 	            0.0030425 	            0.0000179 	        27924.2535465 
171 	     85.000 	            0.0030603 	            0.0000178 	        27924.9853982 
172 	     85.500 	            0.0030784 	            0.0000180 	        27923.8931021 
173 	     86.000 	            0.0030962 	            0.0000178 	        27924.4574790 
174 	     86.500 	            0.0031141 	            0.0000179 	        27924.3743637 
175 	     87.000 	            0.0031320 	            0.0000179 	        27924.7177436 
176 	     87.500 	            0.0031499 	            0.0000179 	        27924.6174176 
177 	     88.000 	            0.0031678 	            0.0000179 	        27924.7210436 
178 	     88.500 	            0.0031857 	            0.0000179 	        27924.5692265 
179 	     89.000 	            0.0032036 	            0.0000179 	        27924.7798637 
180 	     89.500 	            0.0032216 	            0.0000180 	        27924.2570935 
181 	     90.000 	            0.0032395 	            0.0000179 	        27924.3895029 
182 	     90.500 	            0.0032574 	            0.0000179 	        27924.4573673 
183 	     91.000 	            0.0032752 	            0.0000179 	        27924.5290246 
184 	     91.500 	            0.0032931 	            0.0000179 	        27924.6921024 
185 	     92.000 	            0.0033110 	            0.0000179 	        27924.8078473 
186 	     92.500 	            0.0033290 	            0.0000179 	        27924.5011235 
187 	     93.000 	            0.0033469 	            0.0000179 	        27924.3435652 
188 	     93.500 	            0.0033648 	            0.0000179 	        27924.6678584 
189 	     94.000 	            0.0033827 	            0.0000180 	        27924.1064845 
190 	     94.500 	            0.0034006 	            0.0000179 	        27924.4327333 
191 	     95.000 	            0.0034185 	            0.0000179 	        27924.2667854 
192 	     95.500 	            0.0034364 	            0.0000179 	        27924.3930547 
193 	     96.000 	            0.0034543 	            0.0000179 	        27924.7172993 
194 	     96.500 	            0.0034722 	            0.0000179 	        27924.3937812 
195 	     97.000 	            0.0034901 	            0.0000179 	        27924.2838556 
196 	     97.500 	            0.0035081 	            0.0000179 	        27923.9286606 
197 	     98.000 	            0.0035260 	            0.0000179 	        27924.2345739 
198 	     98.500 	            0.0035438 	            0.0000178 	        27924.6761715 
199 	     99.000 	            0.0035618 	            0.0000180 	        27923.8416718 
200 	     99.500 	            0.0035797 	            0.0000178 	        27924.3769260 
201 	    100.000 	            0.0035976 	            0.0000179 	        27924.0569638 
202 	    100.500 	            0.0036155 	            0.0000179 	        27924.2354298 
203 	    101.000 	            0.0036334 	            0.0000179 	        27923.9378667 
204 	    101.500 	            0.0036513 	            0.0000179 	        27924.0746359 
205 	    102.000 	            0.0036692 	            0.0000179 	        27924.3332176 
206 	    102.500 	            0.0036871 	            0.0000179 	        27924.3954362 
207 	    103.000 	            0.0037050 	            0.0000179 	        27924.1541290 
208 	    103.500 	            0.0037230 	            0.0000179 	        27923.9975386 
209 	    104.000 	            0.0037408 	            0.0000179 	        27924.3366362 
210 	    104.500 	            0.0037587 	            0.0000179 	        27924.3124475 
211 	    105.000 	            0.0037767 	            0.0000179 	        27924.0299058 
212 	    105.500 	            0.0037946 	            0.0000180 	        27923.6908055 
213 	    106.000 	            0.0038125 	            0.0000178 	        27924.1260361 
214 	    106.500 	            0.0038304 	            0.0000180 	        27923.7609726 
215 	    107.000 	            0.0038484 	            0.0000179 	        27923.4514986 
216 	    107.500 	            0.0038662 	            0.0000178 	        27924.1176955 
217 	    108.000 	            0.0038841 	            0.0000179 	        27924.3036658 
218 	    108.500 	            0.0039020 	            0.0000179 	        27924.2251820 
219 	    109.000 	            0.0039199 	            0.0000180 	        27923.8761891 
220 	    109.500 	            0.0039378 	            0.0000179 	        27923.9037537 
221 	    110.000 	            0.0039557 	            0.0000179 	        27923.9591139 
222 	    110.500 	            0.0039737 	            0.0000180 	        27923.4241816 
223 	    111.000 	            0.0039916 	            0.0000179 	        27923.7290305 
224 	    111.500 	            0.0040094 	            0.0000179 	        27923.9832320 
225 	    112.000 	            0.0040274 	            0.0000180 	        27923.3388447 
226 	    112.500 	            0.0040453 	            0.0000178 	        27923.8000711 
227 	    113.000 	            0.0040632 	            0.0000179 	        27923.8781785 
228 	    113.500 	            0.0040811 	            0.0000179 	        27923.7574379 
229 	    114.000 	            0.0040991 	            0.0000180 	        27923.1630519 
230 	    114.500 	            0.0041169 	            0.0000178 	        27923.6053918 
231 	    115.000 	            0.0041348 	            0.0000179 	        27923.9029097 
232 	    115.500 	            0.0041528 	            0.0000180 	        27923.4429610 
233 	    116.000 	            0.0041707 	            0.0000179 	        27923.3367545 
234 	    116.500 	            0.0041886 	            0.0000179 	        27923.6146359 
235 	    117.000 	            0.0042065 	            0.0000179 	        27923.4942427 
236 	    117.500 	            0.0042244 	            0.0000179 	        27923.5061687 
237 	    118.000 	            0.0042423 	            0.0000179 	        27923.2330345 
238 	    118.500 	            0.0042602 	            0.0000178 	        27923.6657196 
239 	    119.000 	            0.0042781 	            0.0000180 	        27923.2657000 
240 	    119.500 	            0.0042961 	            0.0000179 	        27922.9853600 
241 	    120.000 	            0.0043140 	            0.0000179 	        27922.9962920 
242 	    120.500 	            0.0043319 	            0.0000179 	        27922.9008927 
243 	    121.000 	            0.0043498 	            0.0000179 	        27923.0758014 
244 	    121.500 	            0.0043677 	            0.0000179 	        27923.3829776 
245 	    122.000 	            0.0043856 	            0.0000180 	        27923.0682580 
246 	    122.500 	            0.0044034 	            0.0000178 	        27923.5146253 
247 	    123.000 	            0.0044215 	            0.0000181 	        27922.4798899 
248 	    123.500 	            0.0044394 	            0.0000179 	        27922.7931989 
249 	    124.000 	            0.0044572 	            0.0000178 	        27923.1937235 
250 	    124.500 	            0.0044751 	            0.0000179 	        27923.1853959 
251 	    125.000 	            0.0044931 	            0.0000180 	        27922.8819407 
252 	    125.500 	            0.0045110 	            0.0000180 	        27922.5700041 
253 	    126.000 	            0.0045289 	            0.0000179 	        27922.8135514 
254 	    126.500 	            0.0045468 	            0.0000179 	        27922.7721336 
255 	    127.000 	            0.0045648 	            0.0000180 	        27922.1961551 
256 	    127.500 	            0.0045827 	            0.0000178 	        27922.6297671 
257 	    128.000 	            0.0046006 	            0.0000179 	        27922.5062721 
258 	    128.500 	            0.0046185 	            0.0000179 	        27922.3698425 
259 	    129.000 	            0.0046364 	            0.0000179 	        27922.2927662 
260 	    129.500 	            0.0046543 	            0.0000179 	        27922.6230879 
261 	    130.000 	            0.0046723 	            0.0000180 	        27921.7862202 
262 	    130.500 	            0.0046901 	            0.0000177 	        27922.7569636 
263 	    131.000 	            0.0047080 	            0.0000179 	        27922.5531765 
264 	    131.500 	            0.0047260 	            0.0000180 	        27922.1958522 
265 	    132.000 	            0.0047439 	            0.0000179 	        27922.2700317 
266 	    132.500 	            0.0047619 	            0.0000180 	        27921.8090947 
267 	    133.000 	            0.0047797 	            0.0000179 	        27922.0907636 
268 	    133.500 	            0.0047977 	            0.0000180 	        27921.8265375 
269 	    134.000 	            0.0048156 	            0.0000180 	        27921.4424776 
270 	    134.500 	            0.0048335 	            0.0000179 	        27921.6433519 
271 	    135.000 	            0.0048514 	            0.0000179 	        27921.9286614 
272 	    135.500 	            0.0048694 	            0.0000180 	        27921.5297623 
273 	    136.000 	            0.0048873 	            0.0000180 	        27921.0638241 
274 	    136.500 	            0.0049052 	            0.0000178 	        27921.5320981 
275 	    137.000 	            0.0049232 	            0.0000180 	        27921.0856784 
276 	    137.500 	            0.0049410 	            0.0000178 	        27921.5567276 
277 	    138.000 	            0.0049587 	            0.0000177 	        27922.7119815 
278 	    138.500 	            0.0049767 	            0.0000181 	        27921.8056083 
279 	    139.000 	            0.0049947 	            0.0000180 	        27921.4915133 
