# Zc 	 Nc 	 t0 (s) 	 elapsed time (s) 	 F (Hz) 
1 	      0.000 	            0.0000148 	            0.0000000 	            0.0000000 
2 	      0.500 	            0.0000327 	            0.0000179 	        27897.9056556 
3 	      1.000 	            0.0000506 	            0.0000179 	        27931.5638748 
4 	      1.500 	            0.0000685 	            0.0000179 	        27925.7649369 
5 	      2.000 	            0.0000864 	            0.0000179 	        27932.4475408 
6 	      2.500 	            0.0001043 	            0.0000179 	        27921.0837345 
7 	      3.000 	            0.0001222 	            0.0000179 	        27930.3213719 
8 	      3.500 	            0.0001401 	            0.0000179 	        27924.4337316 
9 	      4.000 	            0.0001580 	            0.0000179 	        27928.6730512 
10 	      4.500 	            0.0001759 	            0.0000179 	        27929.7222316 
11 	      5.000 	            0.0001938 	            0.0000179 	        27926.6805380 
12 	      5.500 	            0.0002117 	            0.0000179 	        27927.4252015 
13 	      6.000 	            0.0002296 	            0.0000179 	        27929.0055089 
14 	      6.500 	            0.0002475 	            0.0000179 	        27927.7086398 
15 	      7.000 	            0.0002654 	            0.0000179 	        27926.7672805 
16 	      7.500 	            0.0002833 	            0.0000179 	        27927.0158989 
17 	      8.000 	            0.0003013 	            0.0000179 	        27927.1997301 
18 	      8.500 	            0.0003192 	            0.0000179 	        27924.3373359 
19 	      9.000 	            0.0003371 	            0.0000179 	        27927.3908496 
20 	      9.500 	            0.0003550 	            0.0000179 	        27924.7825194 
21 	     10.000 	            0.0003729 	            0.0000179 	        27928.1299702 
22 	     10.500 	            0.0003908 	            0.0000179 	        27928.1587273 
23 	     11.000 	            0.0004087 	            0.0000179 	        27927.7839637 
24 	     11.500 	            0.0004266 	            0.0000180 	        27924.0409294 
25 	     12.000 	            0.0004445 	            0.0000179 	        27927.0716486 
26 	     12.500 	            0.0004624 	            0.0000179 	        27926.6246500 
27 	     13.000 	            0.0004803 	            0.0000179 	        27926.2157676 
28 	     13.500 	            0.0004982 	            0.0000179 	        27926.4571205 
29 	     14.000 	            0.0005161 	            0.0000179 	        27927.3054215 
30 	     14.500 	            0.0005340 	            0.0000179 	        27925.2216701 
31 	     15.000 	            0.0005519 	            0.0000179 	        27927.6002298 
32 	     15.500 	            0.0005698 	            0.0000179 	        27926.2386330 
33 	     16.000 	            0.0005877 	            0.0000179 	        27927.3556166 
34 	     16.500 	            0.0006057 	            0.0000179 	        27925.2665718 
35 	     17.000 	            0.0006235 	            0.0000179 	        27926.7597609 
36 	     17.500 	            0.0006414 	            0.0000179 	        27926.0825478 
37 	     18.000 	            0.0006593 	            0.0000179 	        27926.7994068 
38 	     18.500 	            0.0006773 	            0.0000179 	        27925.9188345 
39 	     19.000 	            0.0006952 	            0.0000179 	        27925.8889184 
40 	     19.500 	            0.0007131 	            0.0000179 	        27925.5773259 
41 	     20.000 	            0.0007310 	            0.0000179 	        27925.9695971 
42 	     20.500 	            0.0007489 	            0.0000179 	        27925.8288196 
43 	     21.000 	            0.0007668 	            0.0000179 	        27925.4293319 
44 	     21.500 	            0.0007847 	            0.0000179 	        27925.6664329 
45 	     22.000 	            0.0008026 	            0.0000179 	        27925.3918597 
46 	     22.500 	            0.0008205 	            0.0000179 	        27925.3599821 
47 	     23.000 	            0.0008384 	            0.0000179 	        27926.0867065 
48 	     23.500 	            0.0008563 	            0.0000179 	        27925.2245435 
49 	     24.000 	            0.0008742 	            0.0000179 	        27926.2683059 
50 	     24.500 	            0.0008921 	            0.0000179 	        27925.3104159 
51 	     25.000 	            0.0009100 	            0.0000179 	        27925.7192715 
52 	     25.500 	            0.0009279 	            0.0000179 	        27925.3571638 
53 	     26.000 	            0.0009458 	            0.0000179 	        27925.6786179 
54 	     26.500 	            0.0009637 	            0.0000179 	        27925.4040848 
55 	     27.000 	            0.0009817 	            0.0000179 	        27924.8931979 
56 	     27.500 	            0.0009996 	            0.0000179 	        27925.5911048 
57 	     28.000 	            0.0010175 	            0.0000179 	        27925.3735890 
58 	     28.500 	            0.0010354 	            0.0000179 	        27925.0445585 
59 	     29.000 	            0.0010533 	            0.0000179 	        27924.3932615 
60 	     29.500 	            0.0010712 	            0.0000179 	        27925.1170822 
61 	     30.000 	            0.0010891 	            0.0000179 	        27925.2447747 
62 	     30.500 	            0.0011070 	            0.0000179 	        27924.8445255 
63 	     31.000 	            0.0011249 	            0.0000179 	        27924.5408117 
64 	     31.500 	            0.0011428 	            0.0000179 	        27925.0605008 
65 	     32.000 	            0.0011607 	            0.0000179 	        27924.8032288 
66 	     32.500 	            0.0011786 	            0.0000179 	        27924.4041477 
67 	     33.000 	            0.0011965 	            0.0000179 	        27924.8285136 
68 	     33.500 	            0.0012144 	            0.0000179 	        27924.9711502 
69 	     34.000 	            0.0012323 	            0.0000179 	        27924.9898303 
70 	     34.500 	            0.0012502 	            0.0000179 	        27925.0853484 
71 	     35.000 	            0.0012681 	            0.0000179 	        27925.0551834 
72 	     35.500 	            0.0012861 	            0.0000179 	        27924.6657782 
73 	     36.000 	            0.0013040 	            0.0000179 	        27925.0521131 
74 	     36.500 	            0.0013219 	            0.0000179 	        27925.2998333 
75 	     37.000 	            0.0013398 	            0.0000179 	        27925.2676585 
76 	     37.500 	            0.0013577 	            0.0000179 	        27924.7882549 
77 	     38.000 	            0.0013756 	            0.0000179 	        27924.1037759 
78 	     38.500 	            0.0013935 	            0.0000179 	        27924.4758407 
79 	     39.000 	            0.0014114 	            0.0000179 	        27925.0368899 
80 	     39.500 	            0.0014293 	            0.0000179 	        27924.6950709 
81 	     40.000 	            0.0014472 	            0.0000179 	        27924.2416171 
82 	     40.500 	            0.0014651 	            0.0000179 	        27924.8861487 
83 	     41.000 	            0.0014830 	            0.0000179 	        27924.6635514 
84 	     41.500 	            0.0015010 	            0.0000179 	        27924.2647169 
85 	     42.000 	            0.0015189 	            0.0000179 	        27924.4078790 
86 	     42.500 	            0.0015368 	            0.0000179 	        27924.2405515 
87 	     43.000 	            0.0015547 	            0.0000179 	        27924.6312277 
88 	     43.500 	            0.0015726 	            0.0000179 	        27924.3365498 
89 	     44.000 	            0.0015904 	            0.0000179 	        27924.8927329 
90 	     44.500 	            0.0016084 	            0.0000179 	        27924.3131583 
91 	     45.000 	            0.0016263 	            0.0000179 	        27924.6676372 
92 	     45.500 	            0.0016442 	            0.0000179 	        27924.4231910 
93 	     46.000 	            0.0016621 	            0.0000179 	        27924.7926347 
94 	     46.500 	            0.0016800 	            0.0000179 	        27924.7663418 
95 	     47.000 	            0.0016979 	            0.0000179 	        27924.6354389 
96 	     47.500 	            0.0017158 	            0.0000179 	        27924.2604764 
97 	     48.000 	            0.0017337 	            0.0000179 	        27924.8344348 
98 	     48.500 	            0.0017516 	            0.0000179 	        27924.4650758 
99 	     49.000 	            0.0017695 	            0.0000179 	        27924.4886206 
100 	     49.500 	            0.0017874 	            0.0000179 	        27924.5446023 
101 	     50.000 	            0.0018053 	            0.0000179 	        27924.3054751 
102 	     50.500 	            0.0018232 	            0.0000179 	        27924.4067171 
103 	     51.000 	            0.0018411 	            0.0000179 	        27924.7226861 
104 	     51.500 	            0.0018591 	            0.0000179 	        27924.1258124 
105 	     52.000 	            0.0018770 	            0.0000179 	        27924.2493925 
106 	     52.500 	            0.0018949 	            0.0000179 	        27924.5210788 
107 	     53.000 	            0.0019128 	            0.0000179 	        27924.6466536 
108 	     53.500 	            0.0019307 	            0.0000179 	        27924.6633210 
109 	     54.000 	            0.0019486 	            0.0000179 	        27924.4160369 
110 	     54.500 	            0.0019665 	            0.0000179 	        27924.8375866 
111 	     55.000 	            0.0019844 	            0.0000179 	        27924.6327021 
112 	     55.500 	            0.0020023 	            0.0000179 	        27924.5167407 
113 	     56.000 	            0.0020202 	            0.0000179 	        27924.5794361 
114 	     56.500 	            0.0020381 	            0.0000179 	        27924.0231382 
115 	     57.000 	            0.0020560 	            0.0000179 	        27924.4926538 
116 	     57.500 	            0.0020739 	            0.0000179 	        27924.6063482 
117 	     58.000 	            0.0020918 	            0.0000179 	        27924.5098160 
118 	     58.500 	            0.0021098 	            0.0000179 	        27924.1641243 
119 	     59.000 	            0.0021277 	            0.0000179 	        27924.1271279 
120 	     59.500 	            0.0021455 	            0.0000179 	        27924.5136820 
121 	     60.000 	            0.0021634 	            0.0000179 	        27924.6912584 
122 	     60.500 	            0.0021814 	            0.0000179 	        27924.4544647 
123 	     61.000 	            0.0021993 	            0.0000179 	        27924.4150838 
124 	     61.500 	            0.0022171 	            0.0000179 	        27924.7370193 
125 	     62.000 	            0.0022351 	            0.0000179 	        27924.6876327 
126 	     62.500 	            0.0022530 	            0.0000179 	        27924.5772061 
127 	     63.000 	            0.0022709 	            0.0000179 	        27924.1860288 
128 	     63.500 	            0.0022888 	            0.0000179 	        27923.9736042 
129 	     64.000 	            0.0023067 	            0.0000178 	        27924.8702496 
130 	     64.500 	            0.0023246 	            0.0000180 	        27924.1681514 
131 	     65.000 	            0.0023425 	            0.0000179 	        27924.0253419 
132 	     65.500 	            0.0023604 	            0.0000179 	        27924.3966159 
133 	     66.000 	            0.0023783 	            0.0000179 	        27924.3013971 
134 	     66.500 	            0.0023962 	            0.0000179 	        27924.5892836 
135 	     67.000 	            0.0024141 	            0.0000179 	        27924.6173877 
136 	     67.500 	            0.0024320 	            0.0000179 	        27924.5996996 
137 	     68.000 	            0.0024499 	            0.0000179 	        27924.5583231 
138 	     68.500 	            0.0024678 	            0.0000179 	        27924.5326107 
139 	     69.000 	            0.0024857 	            0.0000179 	        27924.5655611 
140 	     69.500 	            0.0025036 	            0.0000179 	        27924.5783774 
141 	     70.000 	            0.0025215 	            0.0000179 	        27924.7003223 
142 	     70.500 	            0.0025395 	            0.0000179 	        27924.3476020 
143 	     71.000 	            0.0025573 	            0.0000178 	        27924.9611817 
144 	     71.500 	            0.0025753 	            0.0000180 	        27924.4101116 
145 	     72.000 	            0.0025931 	            0.0000179 	        27924.7840029 
146 	     72.500 	            0.0026111 	            0.0000180 	        27924.1643203 
147 	     73.000 	            0.0026290 	            0.0000179 	        27924.4190520 
148 	     73.500 	            0.0026469 	            0.0000179 	        27924.3753267 
149 	     74.000 	            0.0026648 	            0.0000179 	        27924.6542518 
150 	     74.500 	            0.0026827 	            0.0000179 	        27924.7061433 
151 	     75.000 	            0.0027006 	            0.0000179 	        27924.6552762 
152 	     75.500 	            0.0027185 	            0.0000179 	        27924.7924985 
153 	     76.000 	            0.0027364 	            0.0000179 	        27924.8052407 
154 	     76.500 	            0.0027543 	            0.0000179 	        27924.6357266 
155 	     77.000 	            0.0027722 	            0.0000179 	        27924.8716997 
156 	     77.500 	            0.0027901 	            0.0000179 	        27924.8174160 
157 	     78.000 	            0.0028080 	            0.0000179 	        27924.7016666 
158 	     78.500 	            0.0028259 	            0.0000179 	        27924.8260850 
159 	     79.000 	            0.0028438 	            0.0000179 	        27924.5774900 
160 	     79.500 	            0.0028618 	            0.0000179 	        27924.5267753 
161 	     80.000 	            0.0028796 	            0.0000179 	        27924.9615678 
162 	     80.500 	            0.0028975 	            0.0000179 	        27924.8537662 
163 	     81.000 	            0.0029155 	            0.0000179 	        27924.6608554 
164 	     81.500 	            0.0029333 	            0.0000179 	        27924.8530273 
165 	     82.000 	            0.0029512 	            0.0000179 	        27924.9559304 
166 	     82.500 	            0.0029691 	            0.0000179 	        27925.3070028 
167 	     83.000 	            0.0029871 	            0.0000180 	        27924.8700888 
168 	     83.500 	            0.0030050 	            0.0000179 	        27924.6622410 
169 	     84.000 	            0.0030229 	            0.0000179 	        27924.8573399 
170 	     84.500 	            0.0030407 	            0.0000179 	        27925.1279742 
171 	     85.000 	            0.0030587 	            0.0000179 	        27924.9990183 
172 	     85.500 	            0.0030766 	            0.0000179 	        27924.6867760 
173 	     86.000 	            0.0030945 	            0.0000179 	        27924.4889979 
174 	     86.500 	            0.0031124 	            0.0000179 	        27924.9058148 
175 	     87.000 	            0.0031303 	            0.0000179 	        27924.7929671 
176 	     87.500 	            0.0031482 	            0.0000179 	        27924.5448036 
177 	     88.000 	            0.0031661 	            0.0000179 	        27924.8898548 
178 	     88.500 	            0.0031840 	            0.0000179 	        27924.8125624 
179 	     89.000 	            0.0032019 	            0.0000179 	        27924.7539826 
180 	     89.500 	            0.0032199 	            0.0000179 	        27924.5130693 
181 	     90.000 	            0.0032377 	            0.0000179 	        27924.7758211 
182 	     90.500 	            0.0032557 	            0.0000179 	        27924.6369940 
183 	     91.000 	            0.0032735 	            0.0000179 	        27924.9133978 
184 	     91.500 	            0.0032915 	            0.0000180 	        27924.4821069 
185 	     92.000 	            0.0033094 	            0.0000179 	        27924.5937201 
186 	     92.500 	            0.0033272 	            0.0000179 	        27924.9328450 
187 	     93.000 	            0.0033451 	            0.0000179 	        27925.0660657 
188 	     93.500 	            0.0033631 	            0.0000179 	        27924.9601772 
189 	     94.000 	            0.0033810 	            0.0000179 	        27924.9605710 
190 	     94.500 	            0.0033989 	            0.0000180 	        27924.3774759 
191 	     95.000 	            0.0034168 	            0.0000179 	        27924.7524105 
192 	     95.500 	            0.0034347 	            0.0000179 	        27925.0554811 
193 	     96.000 	            0.0034526 	            0.0000180 	        27924.5939704 
194 	     96.500 	            0.0034705 	            0.0000179 	        27924.9106795 
195 	     97.000 	            0.0034884 	            0.0000179 	        27924.7821421 
196 	     97.500 	            0.0035063 	            0.0000179 	        27924.8895115 
197 	     98.000 	            0.0035242 	            0.0000179 	        27925.2233595 
198 	     98.500 	            0.0035421 	            0.0000180 	        27924.6157947 
199 	     99.000 	            0.0035600 	            0.0000179 	        27924.7938960 
200 	     99.500 	            0.0035779 	            0.0000179 	        27924.9231203 
201 	    100.000 	            0.0035958 	            0.0000179 	        27924.8476742 
202 	    100.500 	            0.0036138 	            0.0000179 	        27924.5749347 
203 	    101.000 	            0.0036317 	            0.0000180 	        27924.1768269 
204 	    101.500 	            0.0036496 	            0.0000178 	        27924.6090211 
205 	    102.000 	            0.0036675 	            0.0000179 	        27924.7148511 
206 	    102.500 	            0.0036854 	            0.0000179 	        27924.7312647 
207 	    103.000 	            0.0037034 	            0.0000180 	        27923.9886854 
208 	    103.500 	            0.0037212 	            0.0000178 	        27924.7005423 
209 	    104.000 	            0.0037391 	            0.0000179 	        27924.6232732 
210 	    104.500 	            0.0037571 	            0.0000179 	        27924.2901328 
211 	    105.000 	            0.0037750 	            0.0000179 	        27924.2432928 
212 	    105.500 	            0.0037928 	            0.0000179 	        27924.4296947 
213 	    106.000 	            0.0038107 	            0.0000179 	        27924.8352134 
214 	    106.500 	            0.0038286 	            0.0000179 	        27925.0991387 
215 	    107.000 	            0.0038465 	            0.0000180 	        27924.7024269 
216 	    107.500 	            0.0038645 	            0.0000180 	        27924.3550911 
217 	    108.000 	            0.0038824 	            0.0000180 	        27923.9141032 
218 	    108.500 	            0.0039003 	            0.0000178 	        27924.3696296 
219 	    109.000 	            0.0039182 	            0.0000179 	        27924.4855306 
220 	    109.500 	            0.0039361 	            0.0000179 	        27924.5070473 
221 	    110.000 	            0.0039540 	            0.0000180 	        27924.1480091 
222 	    110.500 	            0.0039719 	            0.0000178 	        27924.7666597 
223 	    111.000 	            0.0039898 	            0.0000180 	        27924.4164574 
224 	    111.500 	            0.0040077 	            0.0000179 	        27924.2009931 
225 	    112.000 	            0.0040257 	            0.0000179 	        27923.9612880 
226 	    112.500 	            0.0040436 	            0.0000179 	        27924.0449630 
227 	    113.000 	            0.0040615 	            0.0000179 	        27924.2639424 
228 	    113.500 	            0.0040794 	            0.0000179 	        27924.1885941 
229 	    114.000 	            0.0040973 	            0.0000179 	        27923.9987966 
230 	    114.500 	            0.0041152 	            0.0000179 	        27923.9181445 
231 	    115.000 	            0.0041331 	            0.0000179 	        27924.1451633 
232 	    115.500 	            0.0041510 	            0.0000179 	        27923.8661160 
233 	    116.000 	            0.0041689 	            0.0000179 	        27923.9214397 
234 	    116.500 	            0.0041868 	            0.0000179 	        27924.0299280 
235 	    117.000 	            0.0042047 	            0.0000179 	        27924.0248227 
236 	    117.500 	            0.0042226 	            0.0000179 	        27924.1608096 
237 	    118.000 	            0.0042406 	            0.0000180 	        27923.8629677 
238 	    118.500 	            0.0042585 	            0.0000179 	        27923.9542660 
239 	    119.000 	            0.0042764 	            0.0000179 	        27923.9567834 
240 	    119.500 	            0.0042942 	            0.0000179 	        27924.1991565 
241 	    120.000 	            0.0043121 	            0.0000179 	        27924.5056665 
242 	    120.500 	            0.0043301 	            0.0000180 	        27923.9059390 
243 	    121.000 	            0.0043481 	            0.0000180 	        27923.4140863 
244 	    121.500 	            0.0043660 	            0.0000180 	        27923.1003288 
245 	    122.000 	            0.0043839 	            0.0000179 	        27923.3950998 
246 	    122.500 	            0.0044018 	            0.0000179 	        27923.4344580 
247 	    123.000 	            0.0044197 	            0.0000179 	        27923.4375929 
248 	    123.500 	            0.0044376 	            0.0000179 	        27923.5760972 
249 	    124.000 	            0.0044555 	            0.0000180 	        27923.2402674 
250 	    124.500 	            0.0044734 	            0.0000179 	        27923.5448847 
251 	    125.000 	            0.0044913 	            0.0000179 	        27923.4779635 
252 	    125.500 	            0.0045093 	            0.0000179 	        27923.2182964 
253 	    126.000 	            0.0045272 	            0.0000179 	        27923.2374355 
254 	    126.500 	            0.0045450 	            0.0000179 	        27923.4788804 
255 	    127.000 	            0.0045629 	            0.0000179 	        27923.4643303 
256 	    127.500 	            0.0045808 	            0.0000179 	        27923.6045077 
257 	    128.000 	            0.0045988 	            0.0000180 	        27923.1126366 
258 	    128.500 	            0.0046167 	            0.0000179 	        27923.4055198 
259 	    129.000 	            0.0046347 	            0.0000180 	        27922.5951833 
260 	    129.500 	            0.0046525 	            0.0000178 	        27923.1430041 
261 	    130.000 	            0.0046705 	            0.0000180 	        27922.7611981 
262 	    130.500 	            0.0046883 	            0.0000178 	        27923.5712883 
263 	    131.000 	            0.0047063 	            0.0000180 	        27922.7346084 
264 	    131.500 	            0.0047242 	            0.0000179 	        27922.7249324 
265 	    132.000 	            0.0047421 	            0.0000179 	        27922.5962856 
266 	    132.500 	            0.0047600 	            0.0000179 	        27922.6956398 
267 	    133.000 	            0.0047779 	            0.0000179 	        27922.9660107 
268 	    133.500 	            0.0047958 	            0.0000179 	        27923.2322765 
269 	    134.000 	            0.0048139 	            0.0000181 	        27922.0272844 
270 	    134.500 	            0.0048317 	            0.0000178 	        27922.3827757 
271 	    135.000 	            0.0048496 	            0.0000179 	        27922.3870127 
272 	    135.500 	            0.0048676 	            0.0000179 	        27922.1461538 
273 	    136.000 	            0.0048855 	            0.0000179 	        27922.1817197 
274 	    136.500 	            0.0049033 	            0.0000178 	        27922.7218729 
275 	    137.000 	            0.0049212 	            0.0000179 	        27922.7444194 
276 	    137.500 	            0.0049392 	            0.0000180 	        27922.2642109 
277 	    138.000 	            0.0049571 	            0.0000179 	        27922.1533450 
278 	    138.500 	            0.0049751 	            0.0000180 	        27921.8235774 
279 	    139.000 	            0.0049930 	            0.0000179 	        27921.6547378 
