# Zc 	 Nc 	 t0 (s) 	 elapsed time (s) 	 F (Hz) 
1 	      0.000 	            0.0000163 	            0.0000000 	            0.0000000 
2 	      0.500 	            0.0000342 	            0.0000179 	        27932.9608939 
3 	      1.000 	            0.0000522 	            0.0000179 	        27932.9608939 
4 	      1.500 	            0.0000700 	            0.0000179 	        27932.9608939 
5 	      2.000 	            0.0000879 	            0.0000179 	        27932.9608939 
6 	      2.500 	            0.0001058 	            0.0000179 	        27932.9608939 
7 	      3.000 	            0.0001237 	            0.0000179 	        27932.9608939 
8 	      3.500 	            0.0001417 	            0.0000179 	        27932.9608939 
9 	      4.000 	            0.0001596 	            0.0000179 	        27932.9608939 
10 	      4.500 	            0.0001775 	            0.0000179 	        27932.9608939 
11 	      5.000 	            0.0001954 	            0.0000179 	        27932.9608939 
12 	      5.500 	            0.0002134 	            0.0000180 	        27918.7817259 
13 	      6.000 	            0.0002313 	            0.0000179 	        27919.9627734 
14 	      6.500 	            0.0002491 	            0.0000179 	        27920.9621993 
15 	      7.000 	            0.0002671 	            0.0000179 	        27921.8189071 
16 	      7.500 	            0.0002849 	            0.0000179 	        27922.5614296 
17 	      8.000 	            0.0003029 	            0.0000179 	        27923.2111693 
18 	      8.500 	            0.0003207 	            0.0000179 	        27923.7844941 
19 	      9.000 	            0.0003387 	            0.0000179 	        27924.2941359 
20 	      9.500 	            0.0003565 	            0.0000179 	        27924.7501470 
21 	     10.000 	            0.0003745 	            0.0000179 	        27925.1605697 
22 	     10.500 	            0.0003923 	            0.0000179 	        27925.5319149 
23 	     11.000 	            0.0004103 	            0.0000179 	        27925.8695100 
24 	     11.500 	            0.0004281 	            0.0000179 	        27926.1777562 
25 	     12.000 	            0.0004461 	            0.0000179 	        27926.4603212 
26 	     12.500 	            0.0004639 	            0.0000179 	        27926.7202860 
27 	     13.000 	            0.0004819 	            0.0000179 	        27926.9602578 
28 	     13.500 	            0.0004997 	            0.0000179 	        27927.1824576 
29 	     14.000 	            0.0005176 	            0.0000179 	        27927.3887891 
30 	     14.500 	            0.0005355 	            0.0000179 	        27927.5808937 
31 	     15.000 	            0.0005535 	            0.0000179 	        27927.7601936 
32 	     15.500 	            0.0005715 	            0.0000180 	        27922.8967754 
33 	     16.000 	            0.0005892 	            0.0000178 	        27928.0851807 
34 	     16.500 	            0.0006072 	            0.0000180 	        27923.5065155 
35 	     17.000 	            0.0006251 	            0.0000179 	        27923.7844941 
36 	     17.500 	            0.0006431 	            0.0000179 	        27924.0465933 
37 	     18.000 	            0.0006609 	            0.0000179 	        27924.2941359 
38 	     18.500 	            0.0006788 	            0.0000179 	        27924.5283019 
39 	     19.000 	            0.0006967 	            0.0000179 	        27924.7501470 
40 	     19.500 	            0.0007147 	            0.0000179 	        27924.9606186 
41 	     20.000 	            0.0007325 	            0.0000179 	        27925.1605697 
42 	     20.500 	            0.0007504 	            0.0000179 	        27925.3507696 
43 	     21.000 	            0.0007684 	            0.0000179 	        27925.5319149 
44 	     21.500 	            0.0007863 	            0.0000179 	        27925.7046370 
45 	     22.000 	            0.0008042 	            0.0000179 	        27925.8695100 
46 	     22.500 	            0.0008220 	            0.0000179 	        27926.0270572 
47 	     23.000 	            0.0008400 	            0.0000179 	        27926.1777562 
48 	     23.500 	            0.0008579 	            0.0000179 	        27926.3220440 
49 	     24.000 	            0.0008758 	            0.0000179 	        27926.4603212 
50 	     24.500 	            0.0008938 	            0.0000180 	        27923.4100752 
51 	     25.000 	            0.0009116 	            0.0000178 	        27926.7202860 
52 	     25.500 	            0.0009296 	            0.0000180 	        27923.7844941 
53 	     26.000 	            0.0009475 	            0.0000179 	        27923.9609065 
54 	     26.500 	            0.0009654 	            0.0000179 	        27924.1306639 
55 	     27.000 	            0.0009833 	            0.0000179 	        27924.2941359 
56 	     27.500 	            0.0010012 	            0.0000179 	        27924.4516653 
57 	     28.000 	            0.0010191 	            0.0000179 	        27924.6035704 
58 	     28.500 	            0.0010370 	            0.0000179 	        27924.7501470 
59 	     29.000 	            0.0010548 	            0.0000179 	        27924.8916707 
60 	     29.500 	            0.0010727 	            0.0000179 	        27925.0283983 
61 	     30.000 	            0.0010906 	            0.0000179 	        27925.1605697 
62 	     30.500 	            0.0011085 	            0.0000179 	        27925.2884087 
63 	     31.000 	            0.0011264 	            0.0000179 	        27925.4121250 
64 	     31.500 	            0.0011444 	            0.0000179 	        27925.5319149 
65 	     32.000 	            0.0011623 	            0.0000179 	        27925.6479623 
66 	     32.500 	            0.0011802 	            0.0000179 	        27925.7604399 
67 	     33.000 	            0.0011980 	            0.0000179 	        27925.8695100 
68 	     33.500 	            0.0012160 	            0.0000180 	        27923.6475786 
69 	     34.000 	            0.0012340 	            0.0000179 	        27923.7844941 
70 	     34.500 	            0.0012519 	            0.0000179 	        27923.9174423 
71 	     35.000 	            0.0012698 	            0.0000179 	        27924.0465933 
72 	     35.500 	            0.0012876 	            0.0000179 	        27924.1721073 
73 	     36.000 	            0.0013055 	            0.0000179 	        27924.2941359 
74 	     36.500 	            0.0013234 	            0.0000179 	        27924.4128223 
75 	     37.000 	            0.0013413 	            0.0000179 	        27924.5283019 
76 	     37.500 	            0.0013592 	            0.0000179 	        27924.6407030 
77 	     38.000 	            0.0013770 	            0.0000178 	        27926.8023811 
78 	     38.500 	            0.0013951 	            0.0000180 	        27924.8567491 
79 	     39.000 	            0.0014130 	            0.0000179 	        27924.9606186 
80 	     39.500 	            0.0014309 	            0.0000179 	        27925.0618593 
81 	     40.000 	            0.0014487 	            0.0000179 	        27925.1605697 
82 	     40.500 	            0.0014666 	            0.0000179 	        27925.2568434 
83 	     41.000 	            0.0014845 	            0.0000179 	        27925.3507696 
84 	     41.500 	            0.0015026 	            0.0000180 	        27923.5634504 
85 	     42.000 	            0.0015205 	            0.0000179 	        27923.6752875 
86 	     42.500 	            0.0015383 	            0.0000179 	        27923.7844941 
87 	     43.000 	            0.0015562 	            0.0000179 	        27923.8911618 
88 	     43.500 	            0.0015741 	            0.0000179 	        27923.9953781 
89 	     44.000 	            0.0015921 	            0.0000179 	        27924.0972266 
90 	     44.500 	            0.0016100 	            0.0000179 	        27924.1967871 
91 	     45.000 	            0.0016279 	            0.0000179 	        27924.2941359 
92 	     45.500 	            0.0016458 	            0.0000179 	        27924.3893458 
93 	     46.000 	            0.0016637 	            0.0000179 	        27924.4824865 
94 	     46.500 	            0.0016815 	            0.0000179 	        27924.5736248 
95 	     47.000 	            0.0016994 	            0.0000179 	        27924.6628245 
96 	     47.500 	            0.0017173 	            0.0000179 	        27924.7501470 
97 	     48.000 	            0.0017352 	            0.0000179 	        27924.8356507 
98 	     48.500 	            0.0017533 	            0.0000180 	        27923.3116472 
99 	     49.000 	            0.0017711 	            0.0000178 	        27925.0014247 
100 	     49.500 	            0.0017890 	            0.0000180 	        27923.5065155 
101 	     50.000 	            0.0018069 	            0.0000179 	        27923.6010276 
102 	     50.500 	            0.0018248 	            0.0000179 	        27923.6936688 
103 	     51.000 	            0.0018427 	            0.0000179 	        27923.7844941 
104 	     51.500 	            0.0018607 	            0.0000179 	        27923.8735564 
105 	     52.000 	            0.0018786 	            0.0000179 	        27923.9609065 
106 	     52.500 	            0.0018965 	            0.0000179 	        27924.0465933 
107 	     53.000 	            0.0019143 	            0.0000179 	        27924.1306639 
108 	     53.500 	            0.0019322 	            0.0000179 	        27924.2131635 
109 	     54.000 	            0.0019501 	            0.0000179 	        27924.2941359 
110 	     54.500 	            0.0019680 	            0.0000179 	        27924.3736230 
111 	     55.000 	            0.0019860 	            0.0000179 	        27924.4516653 
112 	     55.500 	            0.0020038 	            0.0000179 	        27924.5283019 
113 	     56.000 	            0.0020218 	            0.0000179 	        27924.6035704 
114 	     56.500 	            0.0020397 	            0.0000179 	        27924.6775070 
115 	     57.000 	            0.0020576 	            0.0000179 	        27924.7501470 
116 	     57.500 	            0.0020754 	            0.0000179 	        27924.8215240 
117 	     58.000 	            0.0020933 	            0.0000179 	        27924.8916707 
118 	     58.500 	            0.0021113 	            0.0000180 	        27923.6276850 
119 	     59.000 	            0.0021293 	            0.0000179 	        27923.7067538 
120 	     59.500 	            0.0021472 	            0.0000179 	        27923.7844941 
121 	     60.000 	            0.0021650 	            0.0000179 	        27923.8609392 
122 	     60.500 	            0.0021830 	            0.0000179 	        27923.9361211 
123 	     61.000 	            0.0022008 	            0.0000179 	        27924.0100710 
124 	     61.500 	            0.0022188 	            0.0000179 	        27924.0828187 
125 	     62.000 	            0.0022366 	            0.0000179 	        27924.1543936 
126 	     62.500 	            0.0022546 	            0.0000179 	        27924.2248235 
127 	     63.000 	            0.0022725 	            0.0000179 	        27924.2941359 
128 	     63.500 	            0.0022904 	            0.0000179 	        27924.3623571 
129 	     64.000 	            0.0023082 	            0.0000179 	        27924.4295126 
130 	     64.500 	            0.0023261 	            0.0000179 	        27924.4956273 
131 	     65.000 	            0.0023441 	            0.0000179 	        27924.5607252 
132 	     65.500 	            0.0023619 	            0.0000179 	        27924.6248295 
133 	     66.000 	            0.0023799 	            0.0000179 	        27924.6879628 
134 	     66.500 	            0.0023977 	            0.0000179 	        27924.7501470 
135 	     67.000 	            0.0024157 	            0.0000179 	        27924.8114033 
136 	     67.500 	            0.0024336 	            0.0000179 	        27924.8717524 
137 	     68.000 	            0.0024514 	            0.0000179 	        27924.9312143 
138 	     68.500 	            0.0024693 	            0.0000179 	        27924.9898084 
139 	     69.000 	            0.0024872 	            0.0000179 	        27925.0475535 
140 	     69.500 	            0.0025052 	            0.0000179 	        27925.1044680 
141 	     70.000 	            0.0025232 	            0.0000180 	        27924.0465933 
142 	     70.500 	            0.0025410 	            0.0000178 	        27925.2158758 
143 	     71.000 	            0.0025589 	            0.0000180 	        27924.1721073 
144 	     71.500 	            0.0025769 	            0.0000179 	        27924.2335481 
145 	     72.000 	            0.0025947 	            0.0000179 	        27924.2941359 
146 	     72.500 	            0.0026127 	            0.0000179 	        27924.3538882 
147 	     73.000 	            0.0026305 	            0.0000179 	        27924.4128223 
148 	     73.500 	            0.0026485 	            0.0000179 	        27924.4709548 
149 	     74.000 	            0.0026664 	            0.0000179 	        27924.5283019 
150 	     74.500 	            0.0026841 	            0.0000178 	        27925.6316066 
151 	     75.000 	            0.0027021 	            0.0000180 	        27924.6407030 
152 	     75.500 	            0.0027200 	            0.0000179 	        27924.6957873 
153 	     76.000 	            0.0027380 	            0.0000179 	        27924.7501470 
154 	     76.500 	            0.0027558 	            0.0000179 	        27924.8037963 
155 	     77.000 	            0.0027738 	            0.0000179 	        27924.8567491 
156 	     77.500 	            0.0027916 	            0.0000179 	        27924.9090188 
157 	     78.000 	            0.0028096 	            0.0000179 	        27924.9606186 
158 	     78.500 	            0.0028275 	            0.0000180 	        27924.0182129 
159 	     79.000 	            0.0028453 	            0.0000178 	        27925.0618593 
160 	     79.500 	            0.0028633 	            0.0000179 	        27925.1115248 
161 	     80.000 	            0.0028813 	            0.0000180 	        27924.1858355 
162 	     80.500 	            0.0028992 	            0.0000179 	        27924.2403219 
163 	     81.000 	            0.0029169 	            0.0000178 	        27925.2568434 
164 	     81.500 	            0.0029349 	            0.0000180 	        27924.3472898 
165 	     82.000 	            0.0029528 	            0.0000179 	        27924.3997957 
166 	     82.500 	            0.0029708 	            0.0000179 	        27924.4516653 
167 	     83.000 	            0.0029886 	            0.0000179 	        27924.5029102 
168 	     83.500 	            0.0030066 	            0.0000179 	        27924.5535416 
169 	     84.000 	            0.0030244 	            0.0000179 	        27924.6035704 
170 	     84.500 	            0.0030424 	            0.0000179 	        27924.6530073 
171 	     85.000 	            0.0030602 	            0.0000178 	        27925.6192917 
172 	     85.500 	            0.0030780 	            0.0000179 	        27925.6622138 
173 	     86.000 	            0.0030960 	            0.0000180 	        27924.7978699 
174 	     86.500 	            0.0031139 	            0.0000179 	        27924.8450413 
175 	     87.000 	            0.0031319 	            0.0000179 	        27924.8916707 
176 	     87.500 	            0.0031497 	            0.0000179 	        27924.9377673 
177 	     88.000 	            0.0031677 	            0.0000179 	        27924.9833402 
178 	     88.500 	            0.0031855 	            0.0000179 	        27925.0283983 
179 	     89.000 	            0.0032035 	            0.0000179 	        27925.0729503 
180 	     89.500 	            0.0032214 	            0.0000180 	        27924.2457334 
181 	     90.000 	            0.0032394 	            0.0000179 	        27924.2941359 
182 	     90.500 	            0.0032572 	            0.0000178 	        27925.2036534 
183 	     91.000 	            0.0032752 	            0.0000180 	        27924.3893458 
184 	     91.500 	            0.0032931 	            0.0000179 	        27924.4361705 
185 	     92.000 	            0.0033110 	            0.0000179 	        27924.4824865 
186 	     92.500 	            0.0033288 	            0.0000179 	        27924.5283019 
187 	     93.000 	            0.0033467 	            0.0000179 	        27924.5736248 
188 	     93.500 	            0.0033647 	            0.0000179 	        27924.6184631 
189 	     94.000 	            0.0033824 	            0.0000178 	        27925.4924096 
190 	     94.500 	            0.0034006 	            0.0000181 	        27923.8815673 
191 	     95.000 	            0.0034183 	            0.0000178 	        27924.7501470 
192 	     95.500 	            0.0034363 	            0.0000179 	        27924.7931226 
193 	     96.000 	            0.0034541 	            0.0000178 	        27925.6479623 
194 	     96.500 	            0.0034722 	            0.0000181 	        27924.0696800 
195 	     97.000 	            0.0034900 	            0.0000178 	        27924.9193920 
196 	     97.500 	            0.0035078 	            0.0000179 	        27924.9606186 
197 	     98.000 	            0.0035258 	            0.0000179 	        27925.0014247 
198 	     98.500 	            0.0035438 	            0.0000180 	        27924.2501559 
199 	     99.000 	            0.0035616 	            0.0000178 	        27925.0818007 
200 	     99.500 	            0.0035795 	            0.0000180 	        27924.3376740 
201 	    100.000 	            0.0035974 	            0.0000178 	        27925.1605697 
202 	    100.500 	            0.0036153 	            0.0000180 	        27924.4234510 
203 	    101.000 	            0.0036334 	            0.0000180 	        27923.6936688 
204 	    101.500 	            0.0036511 	            0.0000178 	        27924.5075382 
205 	    102.000 	            0.0036691 	            0.0000179 	        27924.5489638 
206 	    102.500 	            0.0036869 	            0.0000178 	        27925.3507696 
207 	    103.000 	            0.0037048 	            0.0000180 	        27924.6306086 
208 	    103.500 	            0.0037228 	            0.0000180 	        27923.9174423 
209 	    104.000 	            0.0037406 	            0.0000177 	        27925.4605016 
210 	    104.500 	            0.0037586 	            0.0000180 	        27924.7501470 
211 	    105.000 	            0.0037766 	            0.0000180 	        27924.0465933 
212 	    105.500 	            0.0037944 	            0.0000179 	        27924.0888277 
213 	    106.000 	            0.0038123 	            0.0000179 	        27924.1306639 
214 	    106.500 	            0.0038303 	            0.0000179 	        27924.1721073 
215 	    107.000 	            0.0038481 	            0.0000179 	        27924.2131635 
216 	    107.500 	            0.0038661 	            0.0000179 	        27924.2538380 
217 	    108.000 	            0.0038839 	            0.0000179 	        27924.2941359 
218 	    108.500 	            0.0039019 	            0.0000179 	        27924.3340625 
219 	    109.000 	            0.0039197 	            0.0000179 	        27924.3736230 
220 	    109.500 	            0.0039378 	            0.0000180 	        27923.7007191 
221 	    110.000 	            0.0039556 	            0.0000178 	        27924.4516653 
222 	    110.500 	            0.0039735 	            0.0000180 	        27923.7844941 
223 	    111.000 	            0.0039913 	            0.0000178 	        27924.5283019 
224 	    111.500 	            0.0040094 	            0.0000180 	        27923.8667668 
225 	    112.000 	            0.0040272 	            0.0000179 	        27923.9073525 
226 	    112.500 	            0.0040450 	            0.0000178 	        27924.6407030 
227 	    113.000 	            0.0040631 	            0.0000180 	        27923.9874466 
228 	    113.500 	            0.0040809 	            0.0000179 	        27924.0269645 
229 	    114.000 	            0.0040988 	            0.0000179 	        27924.0661359 
230 	    114.500 	            0.0041168 	            0.0000179 	        27924.1049654 
231 	    115.000 	            0.0041347 	            0.0000179 	        27924.1434573 
232 	    115.500 	            0.0041525 	            0.0000179 	        27924.1816160 
233 	    116.000 	            0.0041705 	            0.0000179 	        27924.2194458 
234 	    116.500 	            0.0041884 	            0.0000179 	        27924.2569511 
235 	    117.000 	            0.0042062 	            0.0000179 	        27924.2941359 
236 	    117.500 	            0.0042243 	            0.0000181 	        27923.0038023 
237 	    118.000 	            0.0042422 	            0.0000178 	        27923.7067538 
238 	    118.500 	            0.0042600 	            0.0000179 	        27923.7457879 
239 	    119.000 	            0.0042779 	            0.0000179 	        27923.7844941 
240 	    119.500 	            0.0042959 	            0.0000179 	        27923.8228765 
241 	    120.000 	            0.0043138 	            0.0000180 	        27923.2111693 
242 	    120.500 	            0.0043318 	            0.0000179 	        27923.2516105 
243 	    121.000 	            0.0043496 	            0.0000178 	        27923.9361211 
244 	    121.500 	            0.0043675 	            0.0000179 	        27923.9732481 
245 	    122.000 	            0.0043854 	            0.0000180 	        27923.3709460 
246 	    122.500 	            0.0044034 	            0.0000179 	        27923.4100752 
247 	    123.000 	            0.0044212 	            0.0000179 	        27923.4488865 
248 	    123.500 	            0.0044391 	            0.0000179 	        27923.4873836 
249 	    124.000 	            0.0044571 	            0.0000179 	        27923.5255703 
250 	    124.500 	            0.0044750 	            0.0000180 	        27922.9371790 
251 	    125.000 	            0.0044929 	            0.0000179 	        27922.9772595 
252 	    125.500 	            0.0045109 	            0.0000179 	        27923.0170208 
253 	    126.000 	            0.0045287 	            0.0000178 	        27923.6752875 
254 	    126.500 	            0.0045465 	            0.0000179 	        27923.7119774 
255 	    127.000 	            0.0045646 	            0.0000181 	        27922.5205022 
256 	    127.500 	            0.0045825 	            0.0000178 	        27923.1729485 
257 	    128.000 	            0.0046003 	            0.0000179 	        27923.2111693 
258 	    128.500 	            0.0046184 	            0.0000180 	        27922.6423294 
259 	    129.000 	            0.0046364 	            0.0000180 	        27922.0779221 
260 	    129.500 	            0.0046540 	            0.0000177 	        27923.3240615 
261 	    130.000 	            0.0046721 	            0.0000181 	        27922.1616049 
262 	    130.500 	            0.0046899 	            0.0000177 	        27923.3978817 
263 	    131.000 	            0.0047078 	            0.0000179 	        27923.4343693 
264 	    131.500 	            0.0047259 	            0.0000181 	        27922.2847436 
265 	    132.000 	            0.0047437 	            0.0000178 	        27922.9158293 
266 	    132.500 	            0.0047617 	            0.0000180 	        27922.3652878 
267 	    133.000 	            0.0047796 	            0.0000179 	        27922.4051058 
268 	    133.500 	            0.0047974 	            0.0000179 	        27922.4446257 
269 	    134.000 	            0.0048155 	            0.0000180 	        27921.9020233 
270 	    134.500 	            0.0048331 	            0.0000177 	        27923.1024747 
271 	    135.000 	            0.0048512 	            0.0000181 	        27921.9839087 
272 	    135.500 	            0.0048692 	            0.0000179 	        27922.0243983 
273 	    136.000 	            0.0048873 	            0.0000181 	        27920.9181055 
274 	    136.500 	            0.0049049 	            0.0000177 	        27922.1044880 
275 	    137.000 	            0.0049230 	            0.0000180 	        27921.5750214 
276 	    137.500 	            0.0049409 	            0.0000179 	        27921.6164078 
277 	    138.000 	            0.0049587 	            0.0000179 	        27921.6574943 
278 	    138.500 	            0.0049766 	            0.0000179 	        27921.6982844 
279 	    139.000 	            0.0049946 	            0.0000179 	        27921.7387811 
