# Zc 	 Nc 	 t0 (s) 	 elapsed time (s) 	 F (Hz) 
1 	      0.000 	            0.0000132 	            0.0000000 	            0.0000000 
2 	      0.500 	            0.0000311 	            0.0000179 	        27926.8974316 
3 	      1.000 	            0.0000489 	            0.0000179 	        27945.0214027 
4 	      1.500 	            0.0000668 	            0.0000179 	        27938.3805080 
5 	      2.000 	            0.0000848 	            0.0000179 	        27922.9753712 
6 	      2.500 	            0.0001027 	            0.0000179 	        27929.0172523 
7 	      3.000 	            0.0001206 	            0.0000179 	        27933.3758070 
8 	      3.500 	            0.0001385 	            0.0000179 	        27930.1218204 
9 	      4.000 	            0.0001564 	            0.0000179 	        27927.9838370 
10 	      4.500 	            0.0001743 	            0.0000179 	        27928.8240094 
11 	      5.000 	            0.0001922 	            0.0000179 	        27923.0847023 
12 	      5.500 	            0.0002101 	            0.0000179 	        27927.7431557 
13 	      6.000 	            0.0002280 	            0.0000179 	        27925.2716456 
14 	      6.500 	            0.0002459 	            0.0000179 	        27926.9167155 
15 	      7.000 	            0.0002638 	            0.0000179 	        27926.6532541 
16 	      7.500 	            0.0002817 	            0.0000179 	        27926.5850135 
17 	      8.000 	            0.0002996 	            0.0000179 	        27926.6168104 
18 	      8.500 	            0.0003175 	            0.0000179 	        27926.8279169 
19 	      9.000 	            0.0003354 	            0.0000179 	        27925.4703515 
20 	      9.500 	            0.0003533 	            0.0000179 	        27926.4141718 
21 	     10.000 	            0.0003712 	            0.0000179 	        27926.2355520 
22 	     10.500 	            0.0003891 	            0.0000179 	        27927.6529046 
23 	     11.000 	            0.0004071 	            0.0000179 	        27926.0989908 
24 	     11.500 	            0.0004250 	            0.0000179 	        27926.1492737 
25 	     12.000 	            0.0004429 	            0.0000179 	        27925.3941672 
26 	     12.500 	            0.0004608 	            0.0000179 	        27925.9785731 
27 	     13.000 	            0.0004787 	            0.0000179 	        27925.7540062 
28 	     13.500 	            0.0004966 	            0.0000179 	        27926.6414486 
29 	     14.000 	            0.0005145 	            0.0000179 	        27926.0525443 
30 	     14.500 	            0.0005324 	            0.0000179 	        27924.7102188 
31 	     15.000 	            0.0005503 	            0.0000179 	        27925.1539023 
32 	     15.500 	            0.0005682 	            0.0000179 	        27925.7542651 
33 	     16.000 	            0.0005861 	            0.0000179 	        27924.7740352 
34 	     16.500 	            0.0006040 	            0.0000179 	        27926.3939877 
35 	     17.000 	            0.0006219 	            0.0000179 	        27925.6963709 
36 	     17.500 	            0.0006398 	            0.0000179 	        27925.5141336 
37 	     18.000 	            0.0006577 	            0.0000179 	        27925.6799681 
38 	     18.500 	            0.0006756 	            0.0000179 	        27925.2311067 
39 	     19.000 	            0.0006935 	            0.0000179 	        27925.6857978 
40 	     19.500 	            0.0007114 	            0.0000179 	        27926.1952036 
41 	     20.000 	            0.0007294 	            0.0000179 	        27924.9189658 
42 	     20.500 	            0.0007472 	            0.0000179 	        27925.7594050 
43 	     21.000 	            0.0007652 	            0.0000179 	        27925.2906715 
44 	     21.500 	            0.0007830 	            0.0000179 	        27926.1926631 
45 	     22.000 	            0.0008010 	            0.0000179 	        27925.4499411 
46 	     22.500 	            0.0008189 	            0.0000179 	        27925.3472017 
47 	     23.000 	            0.0008368 	            0.0000179 	        27925.2255302 
48 	     23.500 	            0.0008547 	            0.0000179 	        27925.3427574 
49 	     24.000 	            0.0008726 	            0.0000179 	        27925.1916546 
50 	     24.500 	            0.0008905 	            0.0000179 	        27925.4785262 
51 	     25.000 	            0.0009084 	            0.0000179 	        27925.1562008 
52 	     25.500 	            0.0009263 	            0.0000179 	        27925.2988829 
53 	     26.000 	            0.0009442 	            0.0000179 	        27924.6949375 
54 	     26.500 	            0.0009621 	            0.0000179 	        27925.2364261 
55 	     27.000 	            0.0009800 	            0.0000179 	        27925.2975813 
56 	     27.500 	            0.0009979 	            0.0000179 	        27925.0063098 
57 	     28.000 	            0.0010159 	            0.0000179 	        27924.7571172 
58 	     28.500 	            0.0010337 	            0.0000179 	        27925.2379917 
59 	     29.000 	            0.0010517 	            0.0000179 	        27924.8156543 
60 	     29.500 	            0.0010696 	            0.0000179 	        27924.7648978 
61 	     30.000 	            0.0010875 	            0.0000179 	        27924.9279903 
62 	     30.500 	            0.0011054 	            0.0000179 	        27925.2339872 
63 	     31.000 	            0.0011233 	            0.0000179 	        27924.5143217 
64 	     31.500 	            0.0011412 	            0.0000179 	        27924.8328541 
65 	     32.000 	            0.0011591 	            0.0000179 	        27924.9951730 
66 	     32.500 	            0.0011770 	            0.0000179 	        27924.1530013 
67 	     33.000 	            0.0011949 	            0.0000179 	        27924.5457861 
68 	     33.500 	            0.0012128 	            0.0000179 	        27924.6836482 
69 	     34.000 	            0.0012307 	            0.0000179 	        27924.8404103 
70 	     34.500 	            0.0012486 	            0.0000179 	        27924.5861626 
71 	     35.000 	            0.0012665 	            0.0000179 	        27924.3889860 
72 	     35.500 	            0.0012844 	            0.0000179 	        27924.5098203 
73 	     36.000 	            0.0013023 	            0.0000179 	        27924.5113194 
74 	     36.500 	            0.0013203 	            0.0000179 	        27924.4271407 
75 	     37.000 	            0.0013382 	            0.0000179 	        27924.1213869 
76 	     37.500 	            0.0013561 	            0.0000179 	        27924.3240272 
77 	     38.000 	            0.0013740 	            0.0000179 	        27924.2328050 
78 	     38.500 	            0.0013919 	            0.0000179 	        27924.9116681 
79 	     39.000 	            0.0014098 	            0.0000179 	        27924.4999639 
80 	     39.500 	            0.0014277 	            0.0000179 	        27924.2958210 
81 	     40.000 	            0.0014456 	            0.0000179 	        27924.3904551 
82 	     40.500 	            0.0014635 	            0.0000179 	        27924.3362052 
83 	     41.000 	            0.0014814 	            0.0000179 	        27923.9978878 
84 	     41.500 	            0.0014993 	            0.0000179 	        27924.5559860 
85 	     42.000 	            0.0015172 	            0.0000179 	        27924.3616665 
86 	     42.500 	            0.0015351 	            0.0000179 	        27924.3078402 
87 	     43.000 	            0.0015530 	            0.0000179 	        27924.1576040 
88 	     43.500 	            0.0015709 	            0.0000179 	        27924.3842310 
89 	     44.000 	            0.0015888 	            0.0000179 	        27924.5266196 
90 	     44.500 	            0.0016067 	            0.0000179 	        27924.5019648 
91 	     45.000 	            0.0016246 	            0.0000179 	        27924.6778651 
92 	     45.500 	            0.0016426 	            0.0000179 	        27924.0149548 
93 	     46.000 	            0.0016605 	            0.0000179 	        27924.4977533 
94 	     46.500 	            0.0016784 	            0.0000179 	        27924.2255362 
95 	     47.000 	            0.0016963 	            0.0000179 	        27924.3457635 
96 	     47.500 	            0.0017142 	            0.0000179 	        27924.2598686 
97 	     48.000 	            0.0017321 	            0.0000179 	        27924.3093783 
98 	     48.500 	            0.0017500 	            0.0000179 	        27924.1833503 
99 	     49.000 	            0.0017679 	            0.0000179 	        27923.7584733 
100 	     49.500 	            0.0017858 	            0.0000179 	        27924.2168207 
101 	     50.000 	            0.0018037 	            0.0000179 	        27924.2944128 
102 	     50.500 	            0.0018216 	            0.0000179 	        27924.2821978 
103 	     51.000 	            0.0018395 	            0.0000179 	        27924.0750274 
104 	     51.500 	            0.0018574 	            0.0000179 	        27924.7331121 
105 	     52.000 	            0.0018753 	            0.0000179 	        27924.3782425 
106 	     52.500 	            0.0018932 	            0.0000179 	        27924.7716198 
107 	     53.000 	            0.0019111 	            0.0000179 	        27924.3462140 
108 	     53.500 	            0.0019291 	            0.0000179 	        27924.2206371 
109 	     54.000 	            0.0019470 	            0.0000179 	        27923.9637901 
110 	     54.500 	            0.0019649 	            0.0000179 	        27924.2455908 
111 	     55.000 	            0.0019828 	            0.0000179 	        27924.3767775 
112 	     55.500 	            0.0020007 	            0.0000179 	        27924.4043860 
113 	     56.000 	            0.0020186 	            0.0000179 	        27924.2308808 
114 	     56.500 	            0.0020365 	            0.0000179 	        27924.1523180 
115 	     57.000 	            0.0020544 	            0.0000179 	        27924.4620669 
116 	     57.500 	            0.0020723 	            0.0000179 	        27924.5543642 
117 	     58.000 	            0.0020902 	            0.0000179 	        27924.3424498 
118 	     58.500 	            0.0021081 	            0.0000179 	        27924.3278955 
119 	     59.000 	            0.0021260 	            0.0000179 	        27924.4543799 
120 	     59.500 	            0.0021439 	            0.0000179 	        27924.5460822 
121 	     60.000 	            0.0021618 	            0.0000179 	        27924.1357620 
122 	     60.500 	            0.0021797 	            0.0000179 	        27924.3943655 
123 	     61.000 	            0.0021976 	            0.0000179 	        27924.2258228 
124 	     61.500 	            0.0022155 	            0.0000179 	        27924.3851822 
125 	     62.000 	            0.0022335 	            0.0000179 	        27924.0797092 
126 	     62.500 	            0.0022513 	            0.0000179 	        27924.4027940 
127 	     63.000 	            0.0022693 	            0.0000179 	        27924.1876347 
128 	     63.500 	            0.0022872 	            0.0000179 	        27924.2890010 
129 	     64.000 	            0.0023051 	            0.0000179 	        27924.4786483 
130 	     64.500 	            0.0023230 	            0.0000179 	        27924.1191968 
131 	     65.000 	            0.0023409 	            0.0000179 	        27924.6159353 
132 	     65.500 	            0.0023588 	            0.0000179 	        27924.6512940 
133 	     66.000 	            0.0023767 	            0.0000179 	        27924.2371571 
134 	     66.500 	            0.0023946 	            0.0000179 	        27924.5713218 
135 	     67.000 	            0.0024125 	            0.0000179 	        27924.7174808 
136 	     67.500 	            0.0024304 	            0.0000180 	        27924.1268769 
137 	     68.000 	            0.0024483 	            0.0000179 	        27924.4036087 
138 	     68.500 	            0.0024662 	            0.0000179 	        27924.7223345 
139 	     69.000 	            0.0024841 	            0.0000179 	        27924.5495292 
140 	     69.500 	            0.0025020 	            0.0000179 	        27924.5372171 
141 	     70.000 	            0.0025199 	            0.0000179 	        27924.3609165 
142 	     70.500 	            0.0025378 	            0.0000179 	        27924.4325395 
143 	     71.000 	            0.0025557 	            0.0000179 	        27924.5238472 
144 	     71.500 	            0.0025736 	            0.0000179 	        27924.6750059 
145 	     72.000 	            0.0025915 	            0.0000179 	        27924.5288846 
146 	     72.500 	            0.0026094 	            0.0000179 	        27924.4734289 
147 	     73.000 	            0.0026273 	            0.0000179 	        27924.7422693 
148 	     73.500 	            0.0026452 	            0.0000179 	        27924.8348772 
149 	     74.000 	            0.0026631 	            0.0000179 	        27924.6802503 
150 	     74.500 	            0.0026811 	            0.0000179 	        27924.6178151 
151 	     75.000 	            0.0026989 	            0.0000179 	        27924.8407165 
152 	     75.500 	            0.0027169 	            0.0000179 	        27924.7314775 
153 	     76.000 	            0.0027348 	            0.0000179 	        27924.6056744 
154 	     76.500 	            0.0027527 	            0.0000179 	        27924.3628376 
155 	     77.000 	            0.0027706 	            0.0000179 	        27924.7406043 
156 	     77.500 	            0.0027885 	            0.0000179 	        27924.7008371 
157 	     78.000 	            0.0028064 	            0.0000179 	        27924.8391450 
158 	     78.500 	            0.0028243 	            0.0000179 	        27924.7717284 
159 	     79.000 	            0.0028422 	            0.0000179 	        27924.9849788 
160 	     79.500 	            0.0028601 	            0.0000180 	        27924.4509800 
161 	     80.000 	            0.0028780 	            0.0000179 	        27924.5577325 
162 	     80.500 	            0.0028959 	            0.0000179 	        27924.5415423 
163 	     81.000 	            0.0029138 	            0.0000179 	        27924.6372349 
164 	     81.500 	            0.0029317 	            0.0000179 	        27924.6368702 
165 	     82.000 	            0.0029496 	            0.0000179 	        27924.8967629 
166 	     82.500 	            0.0029675 	            0.0000179 	        27924.6567524 
167 	     83.000 	            0.0029854 	            0.0000179 	        27925.1401475 
168 	     83.500 	            0.0030033 	            0.0000179 	        27924.9348085 
169 	     84.000 	            0.0030212 	            0.0000179 	        27924.7856443 
170 	     84.500 	            0.0030391 	            0.0000179 	        27924.8788660 
171 	     85.000 	            0.0030570 	            0.0000179 	        27924.8040370 
172 	     85.500 	            0.0030750 	            0.0000179 	        27924.5894646 
173 	     86.000 	            0.0030929 	            0.0000179 	        27924.6527738 
174 	     86.500 	            0.0031107 	            0.0000179 	        27924.9355849 
175 	     87.000 	            0.0031287 	            0.0000180 	        27924.5035728 
176 	     87.500 	            0.0031466 	            0.0000179 	        27924.4916402 
177 	     88.000 	            0.0031645 	            0.0000179 	        27924.8379904 
178 	     88.500 	            0.0031824 	            0.0000179 	        27924.4458210 
179 	     89.000 	            0.0032003 	            0.0000179 	        27924.6713301 
180 	     89.500 	            0.0032182 	            0.0000179 	        27924.4925426 
181 	     90.000 	            0.0032361 	            0.0000178 	        27924.9981423 
182 	     90.500 	            0.0032540 	            0.0000179 	        27924.7804618 
183 	     91.000 	            0.0032719 	            0.0000179 	        27924.6155800 
184 	     91.500 	            0.0032898 	            0.0000179 	        27924.7075477 
185 	     92.000 	            0.0033077 	            0.0000179 	        27924.8687196 
186 	     92.500 	            0.0033257 	            0.0000180 	        27924.4270234 
187 	     93.000 	            0.0033435 	            0.0000179 	        27924.6868869 
188 	     93.500 	            0.0033614 	            0.0000179 	        27924.9294811 
189 	     94.000 	            0.0033793 	            0.0000179 	        27924.7405928 
190 	     94.500 	            0.0033972 	            0.0000179 	        27924.8577174 
191 	     95.000 	            0.0034151 	            0.0000179 	        27924.8181893 
192 	     95.500 	            0.0034330 	            0.0000179 	        27924.8645575 
193 	     96.000 	            0.0034510 	            0.0000180 	        27924.4560541 
194 	     96.500 	            0.0034689 	            0.0000179 	        27924.5207247 
195 	     97.000 	            0.0034868 	            0.0000179 	        27924.6211737 
196 	     97.500 	            0.0035047 	            0.0000179 	        27924.5844900 
197 	     98.000 	            0.0035226 	            0.0000179 	        27924.6156755 
198 	     98.500 	            0.0035405 	            0.0000179 	        27924.6543187 
199 	     99.000 	            0.0035584 	            0.0000179 	        27924.4596363 
200 	     99.500 	            0.0035763 	            0.0000179 	        27924.4925309 
201 	    100.000 	            0.0035943 	            0.0000179 	        27924.4146211 
202 	    100.500 	            0.0036122 	            0.0000179 	        27924.3608178 
203 	    101.000 	            0.0036300 	            0.0000179 	        27924.6748932 
204 	    101.500 	            0.0036480 	            0.0000179 	        27924.5619614 
205 	    102.000 	            0.0036659 	            0.0000179 	        27924.5355661 
206 	    102.500 	            0.0036838 	            0.0000179 	        27924.4361187 
207 	    103.000 	            0.0037017 	            0.0000179 	        27924.2453808 
208 	    103.500 	            0.0037196 	            0.0000179 	        27924.1167996 
209 	    104.000 	            0.0037375 	            0.0000179 	        27924.3218252 
210 	    104.500 	            0.0037554 	            0.0000179 	        27924.3080273 
211 	    105.000 	            0.0037733 	            0.0000179 	        27924.4930802 
212 	    105.500 	            0.0037912 	            0.0000179 	        27924.2265079 
213 	    106.000 	            0.0038091 	            0.0000179 	        27924.2090491 
214 	    106.500 	            0.0038271 	            0.0000179 	        27924.1831007 
215 	    107.000 	            0.0038450 	            0.0000179 	        27924.0920170 
216 	    107.500 	            0.0038629 	            0.0000179 	        27924.2069667 
217 	    108.000 	            0.0038808 	            0.0000179 	        27924.3082018 
218 	    108.500 	            0.0038987 	            0.0000179 	        27924.3290860 
219 	    109.000 	            0.0039166 	            0.0000179 	        27924.2491072 
220 	    109.500 	            0.0039345 	            0.0000179 	        27924.3300839 
221 	    110.000 	            0.0039524 	            0.0000180 	        27923.9691400 
222 	    110.500 	            0.0039703 	            0.0000179 	        27923.8698034 
223 	    111.000 	            0.0039882 	            0.0000179 	        27924.0187173 
224 	    111.500 	            0.0040061 	            0.0000179 	        27924.1591712 
225 	    112.000 	            0.0040240 	            0.0000179 	        27924.2728330 
226 	    112.500 	            0.0040419 	            0.0000179 	        27924.1001140 
227 	    113.000 	            0.0040599 	            0.0000179 	        27923.8560090 
228 	    113.500 	            0.0040778 	            0.0000179 	        27923.9079298 
229 	    114.000 	            0.0040957 	            0.0000179 	        27923.7798586 
230 	    114.500 	            0.0041136 	            0.0000179 	        27923.6339550 
231 	    115.000 	            0.0041315 	            0.0000179 	        27923.8275846 
232 	    115.500 	            0.0041494 	            0.0000179 	        27923.9207198 
233 	    116.000 	            0.0041673 	            0.0000179 	        27923.9317311 
234 	    116.500 	            0.0041852 	            0.0000179 	        27923.7501316 
235 	    117.000 	            0.0042031 	            0.0000179 	        27923.8240255 
236 	    117.500 	            0.0042210 	            0.0000179 	        27923.7520492 
237 	    118.000 	            0.0042390 	            0.0000179 	        27923.5853087 
238 	    118.500 	            0.0042569 	            0.0000179 	        27923.4940507 
239 	    119.000 	            0.0042748 	            0.0000179 	        27923.5932796 
240 	    119.500 	            0.0042927 	            0.0000179 	        27923.4777956 
241 	    120.000 	            0.0043106 	            0.0000179 	        27923.4107581 
242 	    120.500 	            0.0043285 	            0.0000179 	        27923.4950798 
243 	    121.000 	            0.0043465 	            0.0000179 	        27923.3361333 
244 	    121.500 	            0.0043643 	            0.0000179 	        27923.4690265 
245 	    122.000 	            0.0043823 	            0.0000179 	        27923.2976302 
246 	    122.500 	            0.0044002 	            0.0000179 	        27923.3528150 
247 	    123.000 	            0.0044181 	            0.0000179 	        27923.3387392 
248 	    123.500 	            0.0044360 	            0.0000179 	        27923.1737111 
249 	    124.000 	            0.0044539 	            0.0000179 	        27923.0904559 
250 	    124.500 	            0.0044718 	            0.0000179 	        27923.1077549 
251 	    125.000 	            0.0044898 	            0.0000179 	        27923.0172972 
252 	    125.500 	            0.0045076 	            0.0000179 	        27923.2979690 
253 	    126.000 	            0.0045255 	            0.0000179 	        27923.2296203 
254 	    126.500 	            0.0045435 	            0.0000179 	        27923.0070946 
255 	    127.000 	            0.0045613 	            0.0000179 	        27923.2920996 
256 	    127.500 	            0.0045793 	            0.0000180 	        27922.7552500 
257 	    128.000 	            0.0045972 	            0.0000179 	        27922.8697406 
258 	    128.500 	            0.0046151 	            0.0000179 	        27922.7486209 
259 	    129.000 	            0.0046330 	            0.0000179 	        27922.8886310 
260 	    129.500 	            0.0046509 	            0.0000179 	        27922.9437032 
261 	    130.000 	            0.0046688 	            0.0000179 	        27922.9074359 
262 	    130.500 	            0.0046868 	            0.0000180 	        27922.3034184 
263 	    131.000 	            0.0047047 	            0.0000178 	        27922.6662906 
264 	    131.500 	            0.0047227 	            0.0000180 	        27922.2142056 
265 	    132.000 	            0.0047405 	            0.0000179 	        27922.5335985 
266 	    132.500 	            0.0047584 	            0.0000179 	        27922.6905646 
267 	    133.000 	            0.0047764 	            0.0000180 	        27922.3949957 
268 	    133.500 	            0.0047942 	            0.0000179 	        27922.4954455 
269 	    134.000 	            0.0048122 	            0.0000180 	        27922.1810313 
270 	    134.500 	            0.0048301 	            0.0000179 	        27922.1387873 
271 	    135.000 	            0.0048481 	            0.0000180 	        27921.8784622 
272 	    135.500 	            0.0048659 	            0.0000179 	        27922.0986916 
273 	    136.000 	            0.0048838 	            0.0000179 	        27922.2149705 
274 	    136.500 	            0.0049018 	            0.0000179 	        27922.0814072 
275 	    137.000 	            0.0049196 	            0.0000179 	        27922.2989152 
276 	    137.500 	            0.0049376 	            0.0000180 	        27921.8714511 
277 	    138.000 	            0.0049555 	            0.0000179 	        27922.0567530 
278 	    138.500 	            0.0049734 	            0.0000179 	        27921.9658119 
279 	    139.000 	            0.0049914 	            0.0000180 	        27921.5901146 
