# Zc 	 Nc 	 t0 (s) 	 elapsed time (s) 	 F (Hz) 
1 	      0.000 	            0.0000124 	            0.0000000 	            0.0000000 
2 	      0.500 	            0.0000303 	            0.0000179 	        27943.3986928 
3 	      1.000 	            0.0000482 	            0.0000179 	        27918.7468013 
4 	      1.500 	            0.0000661 	            0.0000179 	        27940.2496415 
5 	      2.000 	            0.0000840 	            0.0000179 	        27923.7156127 
6 	      2.500 	            0.0001019 	            0.0000179 	        27928.8046118 
7 	      3.000 	            0.0001198 	            0.0000179 	        27929.5208341 
8 	      3.500 	            0.0001377 	            0.0000179 	        27929.4213600 
9 	      4.000 	            0.0001556 	            0.0000179 	        27927.0329193 
10 	      4.500 	            0.0001735 	            0.0000179 	        27931.1834693 
11 	      5.000 	            0.0001914 	            0.0000179 	        27927.6870407 
12 	      5.500 	            0.0002093 	            0.0000179 	        27928.6693873 
13 	      6.000 	            0.0002272 	            0.0000179 	        27928.3971094 
14 	      6.500 	            0.0002452 	            0.0000179 	        27927.9581478 
15 	      7.000 	            0.0002631 	            0.0000179 	        27924.8406540 
16 	      7.500 	            0.0002810 	            0.0000179 	        27928.3083947 
17 	      8.000 	            0.0002989 	            0.0000179 	        27926.7038344 
18 	      8.500 	            0.0003168 	            0.0000179 	        27926.9321113 
19 	      9.000 	            0.0003347 	            0.0000179 	        27925.5008146 
20 	      9.500 	            0.0003526 	            0.0000179 	        27926.7311903 
21 	     10.000 	            0.0003705 	            0.0000179 	        27925.7029602 
22 	     10.500 	            0.0003884 	            0.0000179 	        27926.6267614 
23 	     11.000 	            0.0004063 	            0.0000179 	        27925.1761583 
24 	     11.500 	            0.0004242 	            0.0000179 	        27927.1958840 
25 	     12.000 	            0.0004421 	            0.0000179 	        27925.7719168 
26 	     12.500 	            0.0004600 	            0.0000179 	        27927.3507993 
27 	     13.000 	            0.0004779 	            0.0000179 	        27925.7341635 
28 	     13.500 	            0.0004958 	            0.0000179 	        27926.4768914 
29 	     14.000 	            0.0005137 	            0.0000179 	        27926.1371977 
30 	     14.500 	            0.0005316 	            0.0000179 	        27926.5383256 
31 	     15.000 	            0.0005495 	            0.0000179 	        27926.0133321 
32 	     15.500 	            0.0005674 	            0.0000179 	        27925.9212137 
33 	     16.000 	            0.0005854 	            0.0000179 	        27925.2357839 
34 	     16.500 	            0.0006032 	            0.0000179 	        27926.6422606 
35 	     17.000 	            0.0006212 	            0.0000179 	        27925.0744055 
36 	     17.500 	            0.0006391 	            0.0000179 	        27925.8388354 
37 	     18.000 	            0.0006570 	            0.0000179 	        27925.5572993 
38 	     18.500 	            0.0006749 	            0.0000179 	        27925.9619445 
39 	     19.000 	            0.0006928 	            0.0000179 	        27925.6919763 
40 	     19.500 	            0.0007107 	            0.0000179 	        27925.9546734 
41 	     20.000 	            0.0007286 	            0.0000179 	        27924.9854504 
42 	     20.500 	            0.0007465 	            0.0000179 	        27925.7742296 
43 	     21.000 	            0.0007644 	            0.0000179 	        27925.1074065 
44 	     21.500 	            0.0007823 	            0.0000179 	        27925.8933072 
45 	     22.000 	            0.0008002 	            0.0000179 	        27925.3573132 
46 	     22.500 	            0.0008181 	            0.0000179 	        27924.9675095 
47 	     23.000 	            0.0008360 	            0.0000179 	        27925.0738438 
48 	     23.500 	            0.0008539 	            0.0000179 	        27926.2544795 
49 	     24.000 	            0.0008718 	            0.0000179 	        27925.3726806 
50 	     24.500 	            0.0008897 	            0.0000179 	        27925.6982065 
51 	     25.000 	            0.0009077 	            0.0000179 	        27924.9968958 
52 	     25.500 	            0.0009256 	            0.0000179 	        27925.5225442 
53 	     26.000 	            0.0009435 	            0.0000179 	        27925.1445722 
54 	     26.500 	            0.0009614 	            0.0000179 	        27924.9243939 
55 	     27.000 	            0.0009793 	            0.0000179 	        27924.9332897 
56 	     27.500 	            0.0009972 	            0.0000179 	        27925.2200432 
57 	     28.000 	            0.0010151 	            0.0000179 	        27924.9250812 
58 	     28.500 	            0.0010330 	            0.0000179 	        27925.3378893 
59 	     29.000 	            0.0010509 	            0.0000179 	        27925.1079193 
60 	     29.500 	            0.0010688 	            0.0000179 	        27924.9609759 
61 	     30.000 	            0.0010867 	            0.0000179 	        27924.5162551 
62 	     30.500 	            0.0011046 	            0.0000179 	        27924.8562293 
63 	     31.000 	            0.0011225 	            0.0000179 	        27925.0141574 
64 	     31.500 	            0.0011404 	            0.0000179 	        27925.0124037 
65 	     32.000 	            0.0011584 	            0.0000179 	        27924.3932308 
66 	     32.500 	            0.0011762 	            0.0000179 	        27924.9277050 
67 	     33.000 	            0.0011941 	            0.0000179 	        27924.9637027 
68 	     33.500 	            0.0012121 	            0.0000179 	        27925.0088100 
69 	     34.000 	            0.0012300 	            0.0000179 	        27924.6089436 
70 	     34.500 	            0.0012479 	            0.0000179 	        27924.4890252 
71 	     35.000 	            0.0012658 	            0.0000179 	        27924.6590241 
72 	     35.500 	            0.0012837 	            0.0000179 	        27924.8920934 
73 	     36.000 	            0.0013016 	            0.0000179 	        27924.3454036 
74 	     36.500 	            0.0013195 	            0.0000179 	        27924.4713677 
75 	     37.000 	            0.0013374 	            0.0000179 	        27924.5246023 
76 	     37.500 	            0.0013553 	            0.0000179 	        27925.0815262 
77 	     38.000 	            0.0013732 	            0.0000179 	        27924.3472601 
78 	     38.500 	            0.0013911 	            0.0000179 	        27924.8363124 
79 	     39.000 	            0.0014090 	            0.0000179 	        27924.6376535 
80 	     39.500 	            0.0014269 	            0.0000179 	        27924.6437603 
81 	     40.000 	            0.0014449 	            0.0000179 	        27924.2158436 
82 	     40.500 	            0.0014627 	            0.0000179 	        27924.5251735 
83 	     41.000 	            0.0014807 	            0.0000179 	        27924.0194087 
84 	     41.500 	            0.0014986 	            0.0000179 	        27924.6564475 
85 	     42.000 	            0.0015165 	            0.0000179 	        27924.7316739 
86 	     42.500 	            0.0015344 	            0.0000179 	        27924.5045598 
87 	     43.000 	            0.0015523 	            0.0000179 	        27924.3073994 
88 	     43.500 	            0.0015702 	            0.0000179 	        27924.3330694 
89 	     44.000 	            0.0015881 	            0.0000179 	        27924.0899576 
90 	     44.500 	            0.0016060 	            0.0000179 	        27924.2249213 
91 	     45.000 	            0.0016239 	            0.0000179 	        27924.4593940 
92 	     45.500 	            0.0016418 	            0.0000179 	        27924.8139021 
93 	     46.000 	            0.0016597 	            0.0000179 	        27924.4713654 
94 	     46.500 	            0.0016776 	            0.0000179 	        27924.5665129 
95 	     47.000 	            0.0016955 	            0.0000179 	        27924.0206625 
96 	     47.500 	            0.0017134 	            0.0000179 	        27924.5228543 
97 	     48.000 	            0.0017314 	            0.0000179 	        27924.1095554 
98 	     48.500 	            0.0017493 	            0.0000179 	        27924.2369990 
99 	     49.000 	            0.0017671 	            0.0000179 	        27924.4987164 
100 	     49.500 	            0.0017851 	            0.0000179 	        27924.3353244 
101 	     50.000 	            0.0018030 	            0.0000179 	        27924.0863120 
102 	     50.500 	            0.0018209 	            0.0000179 	        27924.2827123 
103 	     51.000 	            0.0018388 	            0.0000179 	        27924.2584365 
104 	     51.500 	            0.0018567 	            0.0000179 	        27924.2348673 
105 	     52.000 	            0.0018746 	            0.0000179 	        27923.9495674 
106 	     52.500 	            0.0018925 	            0.0000179 	        27924.1888705 
107 	     53.000 	            0.0019104 	            0.0000179 	        27924.1090395 
108 	     53.500 	            0.0019283 	            0.0000179 	        27924.2343104 
109 	     54.000 	            0.0019462 	            0.0000179 	        27924.3125740 
110 	     54.500 	            0.0019641 	            0.0000179 	        27924.5577721 
111 	     55.000 	            0.0019820 	            0.0000179 	        27924.1906182 
112 	     55.500 	            0.0019999 	            0.0000179 	        27924.5897040 
113 	     56.000 	            0.0020178 	            0.0000179 	        27924.2658241 
114 	     56.500 	            0.0020357 	            0.0000179 	        27924.2163052 
115 	     57.000 	            0.0020537 	            0.0000179 	        27924.1756394 
116 	     57.500 	            0.0020716 	            0.0000179 	        27924.1800696 
117 	     58.000 	            0.0020895 	            0.0000179 	        27924.1966682 
118 	     58.500 	            0.0021074 	            0.0000179 	        27924.3588830 
119 	     59.000 	            0.0021253 	            0.0000179 	        27924.4273199 
120 	     59.500 	            0.0021432 	            0.0000179 	        27924.5560967 
121 	     60.000 	            0.0021611 	            0.0000179 	        27924.3481049 
122 	     60.500 	            0.0021790 	            0.0000179 	        27924.1803742 
123 	     61.000 	            0.0021969 	            0.0000179 	        27924.1214448 
124 	     61.500 	            0.0022148 	            0.0000179 	        27924.2642951 
125 	     62.000 	            0.0022327 	            0.0000179 	        27924.4544715 
126 	     62.500 	            0.0022506 	            0.0000179 	        27924.5335978 
127 	     63.000 	            0.0022685 	            0.0000179 	        27924.4935470 
128 	     63.500 	            0.0022864 	            0.0000179 	        27924.4795407 
129 	     64.000 	            0.0023043 	            0.0000179 	        27924.7387758 
130 	     64.500 	            0.0023222 	            0.0000179 	        27924.5433609 
131 	     65.000 	            0.0023401 	            0.0000179 	        27924.2114866 
132 	     65.500 	            0.0023580 	            0.0000179 	        27924.4175442 
133 	     66.000 	            0.0023759 	            0.0000179 	        27924.6876130 
134 	     66.500 	            0.0023938 	            0.0000179 	        27924.3175447 
135 	     67.000 	            0.0024118 	            0.0000179 	        27924.1885364 
136 	     67.500 	            0.0024297 	            0.0000179 	        27924.3731797 
137 	     68.000 	            0.0024476 	            0.0000179 	        27924.1404210 
138 	     68.500 	            0.0024654 	            0.0000179 	        27924.5493831 
139 	     69.000 	            0.0024834 	            0.0000179 	        27924.2771472 
140 	     69.500 	            0.0025013 	            0.0000179 	        27924.4134530 
141 	     70.000 	            0.0025192 	            0.0000179 	        27924.5549976 
142 	     70.500 	            0.0025370 	            0.0000179 	        27924.9737192 
143 	     71.000 	            0.0025550 	            0.0000179 	        27924.5003970 
144 	     71.500 	            0.0025729 	            0.0000179 	        27924.3636652 
145 	     72.000 	            0.0025908 	            0.0000179 	        27924.7539397 
146 	     72.500 	            0.0026087 	            0.0000179 	        27924.4464710 
147 	     73.000 	            0.0026266 	            0.0000179 	        27924.5759589 
148 	     73.500 	            0.0026445 	            0.0000179 	        27924.4237921 
149 	     74.000 	            0.0026624 	            0.0000179 	        27924.3423381 
150 	     74.500 	            0.0026803 	            0.0000179 	        27924.4527537 
151 	     75.000 	            0.0026982 	            0.0000179 	        27924.5532567 
152 	     75.500 	            0.0027161 	            0.0000179 	        27924.6209126 
153 	     76.000 	            0.0027340 	            0.0000179 	        27924.6768057 
154 	     76.500 	            0.0027519 	            0.0000179 	        27924.7288308 
155 	     77.000 	            0.0027698 	            0.0000179 	        27924.5785304 
156 	     77.500 	            0.0027878 	            0.0000179 	        27924.3923430 
157 	     78.000 	            0.0028056 	            0.0000179 	        27924.6068347 
158 	     78.500 	            0.0028235 	            0.0000179 	        27924.6538930 
159 	     79.000 	            0.0028414 	            0.0000179 	        27925.0677581 
160 	     79.500 	            0.0028593 	            0.0000179 	        27924.8431668 
161 	     80.000 	            0.0028773 	            0.0000179 	        27924.6468914 
162 	     80.500 	            0.0028951 	            0.0000179 	        27925.0604088 
163 	     81.000 	            0.0029131 	            0.0000179 	        27924.8433878 
164 	     81.500 	            0.0029310 	            0.0000179 	        27924.6214688 
165 	     82.000 	            0.0029489 	            0.0000179 	        27924.5069975 
166 	     82.500 	            0.0029668 	            0.0000179 	        27924.9097043 
167 	     83.000 	            0.0029847 	            0.0000179 	        27924.8168600 
168 	     83.500 	            0.0030026 	            0.0000179 	        27924.6323305 
169 	     84.000 	            0.0030205 	            0.0000179 	        27924.6698388 
170 	     84.500 	            0.0030384 	            0.0000179 	        27924.5590035 
171 	     85.000 	            0.0030563 	            0.0000179 	        27924.4617241 
172 	     85.500 	            0.0030742 	            0.0000179 	        27924.7845613 
173 	     86.000 	            0.0030922 	            0.0000180 	        27924.2397402 
174 	     86.500 	            0.0031100 	            0.0000178 	        27924.8921283 
175 	     87.000 	            0.0031279 	            0.0000179 	        27924.9055426 
176 	     87.500 	            0.0031459 	            0.0000180 	        27924.3940657 
177 	     88.000 	            0.0031637 	            0.0000178 	        27924.9192129 
178 	     88.500 	            0.0031817 	            0.0000180 	        27924.4348433 
179 	     89.000 	            0.0031996 	            0.0000179 	        27924.6659973 
180 	     89.500 	            0.0032174 	            0.0000178 	        27925.1529178 
181 	     90.000 	            0.0032354 	            0.0000179 	        27924.7813166 
182 	     90.500 	            0.0032533 	            0.0000179 	        27924.6646262 
183 	     91.000 	            0.0032712 	            0.0000179 	        27924.5313348 
184 	     91.500 	            0.0032891 	            0.0000179 	        27924.5350313 
185 	     92.000 	            0.0033070 	            0.0000179 	        27924.2910009 
186 	     92.500 	            0.0033249 	            0.0000178 	        27924.8882034 
187 	     93.000 	            0.0033428 	            0.0000179 	        27924.9763285 
188 	     93.500 	            0.0033607 	            0.0000180 	        27924.5592479 
189 	     94.000 	            0.0033786 	            0.0000179 	        27924.4246417 
190 	     94.500 	            0.0033965 	            0.0000179 	        27924.5561688 
191 	     95.000 	            0.0034144 	            0.0000179 	        27924.5239045 
192 	     95.500 	            0.0034324 	            0.0000179 	        27924.4356245 
193 	     96.000 	            0.0034502 	            0.0000179 	        27924.5307026 
194 	     96.500 	            0.0034682 	            0.0000179 	        27924.3124329 
195 	     97.000 	            0.0034860 	            0.0000178 	        27924.9624577 
196 	     97.500 	            0.0035040 	            0.0000180 	        27924.4543901 
197 	     98.000 	            0.0035219 	            0.0000179 	        27924.1731582 
198 	     98.500 	            0.0035398 	            0.0000179 	        27924.4161110 
199 	     99.000 	            0.0035577 	            0.0000179 	        27924.5634818 
200 	     99.500 	            0.0035755 	            0.0000179 	        27924.9362952 
201 	    100.000 	            0.0035935 	            0.0000180 	        27924.2716821 
202 	    100.500 	            0.0036115 	            0.0000180 	        27923.8858169 
203 	    101.000 	            0.0036293 	            0.0000178 	        27924.5174505 
204 	    101.500 	            0.0036472 	            0.0000179 	        27924.4417379 
205 	    102.000 	            0.0036651 	            0.0000179 	        27924.6489148 
206 	    102.500 	            0.0036830 	            0.0000180 	        27924.2897146 
207 	    103.000 	            0.0037009 	            0.0000179 	        27924.5817913 
208 	    103.500 	            0.0037188 	            0.0000179 	        27924.5685667 
209 	    104.000 	            0.0037367 	            0.0000179 	        27924.5569615 
210 	    104.500 	            0.0037547 	            0.0000180 	        27923.7048763 
211 	    105.000 	            0.0037725 	            0.0000178 	        27924.5959356 
212 	    105.500 	            0.0037905 	            0.0000179 	        27924.2988927 
213 	    106.000 	            0.0038083 	            0.0000179 	        27924.6164078 
214 	    106.500 	            0.0038264 	            0.0000180 	        27923.7166217 
215 	    107.000 	            0.0038442 	            0.0000179 	        27923.9896960 
216 	    107.500 	            0.0038621 	            0.0000178 	        27924.4852715 
217 	    108.000 	            0.0038800 	            0.0000180 	        27924.0899219 
218 	    108.500 	            0.0038980 	            0.0000179 	        27924.0230095 
219 	    109.000 	            0.0039159 	            0.0000179 	        27923.8059551 
220 	    109.500 	            0.0039337 	            0.0000178 	        27924.4275932 
221 	    110.000 	            0.0039516 	            0.0000179 	        27924.6229712 
222 	    110.500 	            0.0039696 	            0.0000180 	        27924.1040983 
223 	    111.000 	            0.0039875 	            0.0000179 	        27923.9474559 
224 	    111.500 	            0.0040054 	            0.0000179 	        27924.0050362 
225 	    112.000 	            0.0040233 	            0.0000179 	        27924.1949645 
226 	    112.500 	            0.0040411 	            0.0000179 	        27924.4100633 
227 	    113.000 	            0.0040590 	            0.0000179 	        27924.4999533 
228 	    113.500 	            0.0040770 	            0.0000180 	        27924.0183100 
229 	    114.000 	            0.0040949 	            0.0000179 	        27924.0565632 
230 	    114.500 	            0.0041129 	            0.0000180 	        27923.1735208 
231 	    115.000 	            0.0041308 	            0.0000179 	        27923.5013264 
232 	    115.500 	            0.0041487 	            0.0000179 	        27923.4701867 
233 	    116.000 	            0.0041665 	            0.0000178 	        27924.5043727 
234 	    116.500 	            0.0041845 	            0.0000180 	        27923.6605898 
235 	    117.000 	            0.0042025 	            0.0000180 	        27923.2821588 
236 	    117.500 	            0.0042203 	            0.0000179 	        27923.6140989 
237 	    118.000 	            0.0042383 	            0.0000179 	        27923.3325214 
238 	    118.500 	            0.0042561 	            0.0000178 	        27924.0703881 
239 	    119.000 	            0.0042740 	            0.0000179 	        27923.9290573 
240 	    119.500 	            0.0042919 	            0.0000180 	        27923.5755568 
241 	    120.000 	            0.0043098 	            0.0000179 	        27923.6318795 
242 	    120.500 	            0.0043277 	            0.0000179 	        27923.7533928 
243 	    121.000 	            0.0043457 	            0.0000180 	        27923.3710214 
244 	    121.500 	            0.0043637 	            0.0000180 	        27923.0014675 
245 	    122.000 	            0.0043814 	            0.0000178 	        27923.7942831 
246 	    122.500 	            0.0043994 	            0.0000179 	        27923.6358721 
247 	    123.000 	            0.0044174 	            0.0000180 	        27922.7949002 
248 	    123.500 	            0.0044352 	            0.0000178 	        27923.7348833 
249 	    124.000 	            0.0044530 	            0.0000179 	        27923.9077991 
250 	    124.500 	            0.0044711 	            0.0000181 	        27922.9254930 
251 	    125.000 	            0.0044890 	            0.0000179 	        27923.0973053 
252 	    125.500 	            0.0045069 	            0.0000179 	        27923.1127339 
253 	    126.000 	            0.0045248 	            0.0000179 	        27923.2872647 
254 	    126.500 	            0.0045427 	            0.0000179 	        27923.3600981 
255 	    127.000 	            0.0045607 	            0.0000180 	        27922.5744692 
256 	    127.500 	            0.0045786 	            0.0000179 	        27922.5763753 
257 	    128.000 	            0.0045965 	            0.0000179 	        27922.4087882 
258 	    128.500 	            0.0046143 	            0.0000178 	        27923.1136286 
259 	    129.000 	            0.0046323 	            0.0000179 	        27922.9711084 
260 	    129.500 	            0.0046502 	            0.0000180 	        27922.6350460 
261 	    130.000 	            0.0046682 	            0.0000179 	        27922.5198950 
262 	    130.500 	            0.0046858 	            0.0000177 	        27923.8728746 
263 	    131.000 	            0.0047039 	            0.0000180 	        27923.0936075 
264 	    131.500 	            0.0047220 	            0.0000182 	        27921.5610819 
265 	    132.000 	            0.0047397 	            0.0000177 	        27922.6911297 
266 	    132.500 	            0.0047575 	            0.0000177 	        27923.7443276 
267 	    133.000 	            0.0047756 	            0.0000181 	        27922.3375240 
268 	    133.500 	            0.0047936 	            0.0000180 	        27921.8629231 
269 	    134.000 	            0.0048113 	            0.0000177 	        27923.2543459 
270 	    134.500 	            0.0048293 	            0.0000180 	        27922.6256866 
271 	    135.000 	            0.0048472 	            0.0000179 	        27922.3880228 
272 	    135.500 	            0.0048651 	            0.0000179 	        27922.5789636 
273 	    136.000 	            0.0048830 	            0.0000179 	        27922.5057663 
274 	    136.500 	            0.0049009 	            0.0000178 	        27922.9787390 
275 	    137.000 	            0.0049187 	            0.0000178 	        27923.3445972 
276 	    137.500 	            0.0049368 	            0.0000181 	        27922.3714151 
277 	    138.000 	            0.0049548 	            0.0000180 	        27921.7205893 
278 	    138.500 	            0.0049728 	            0.0000180 	        27921.2753494 
279 	    139.000 	            0.0049905 	            0.0000177 	        27922.3223987 
