# Zc 	 Nc 	 t0 (s) 	 elapsed time (s) 	 F (Hz) 
1 	      0.000 	            0.0000160 	            0.0000000 	            0.0000000 
2 	      0.500 	            0.0000340 	            0.0000179 	        27878.6002442 
3 	      1.000 	            0.0000519 	            0.0000179 	        27922.9448421 
4 	      1.500 	            0.0000698 	            0.0000179 	        27928.4031202 
5 	      2.000 	            0.0000877 	            0.0000179 	        27926.8815387 
6 	      2.500 	            0.0001056 	            0.0000179 	        27917.8977654 
7 	      3.000 	            0.0001235 	            0.0000179 	        27922.3362060 
8 	      3.500 	            0.0001414 	            0.0000179 	        27921.4459562 
9 	      4.000 	            0.0001593 	            0.0000179 	        27926.2882109 
10 	      4.500 	            0.0001772 	            0.0000179 	        27920.9590239 
11 	      5.000 	            0.0001951 	            0.0000179 	        27925.4266796 
12 	      5.500 	            0.0002130 	            0.0000179 	        27926.0176834 
13 	      6.000 	            0.0002309 	            0.0000179 	        27926.5275673 
14 	      6.500 	            0.0002488 	            0.0000179 	        27925.3357038 
15 	      7.000 	            0.0002667 	            0.0000179 	        27924.4335399 
16 	      7.500 	            0.0002846 	            0.0000179 	        27925.7547583 
17 	      8.000 	            0.0003025 	            0.0000179 	        27926.6317919 
18 	      8.500 	            0.0003204 	            0.0000179 	        27924.6657791 
19 	      9.000 	            0.0003383 	            0.0000179 	        27926.8190609 
20 	      9.500 	            0.0003562 	            0.0000179 	        27926.2509140 
21 	     10.000 	            0.0003741 	            0.0000179 	        27926.1562857 
22 	     10.500 	            0.0003920 	            0.0000179 	        27926.2766054 
23 	     11.000 	            0.0004100 	            0.0000179 	        27925.5323553 
24 	     11.500 	            0.0004279 	            0.0000179 	        27924.2127265 
25 	     12.000 	            0.0004458 	            0.0000179 	        27926.0093995 
26 	     12.500 	            0.0004637 	            0.0000179 	        27925.1700612 
27 	     13.000 	            0.0004816 	            0.0000179 	        27924.8937662 
28 	     13.500 	            0.0004995 	            0.0000179 	        27924.5277820 
29 	     14.000 	            0.0005174 	            0.0000179 	        27925.8169679 
30 	     14.500 	            0.0005353 	            0.0000179 	        27924.8723893 
31 	     15.000 	            0.0005532 	            0.0000179 	        27925.5525607 
32 	     15.500 	            0.0005711 	            0.0000179 	        27924.1281445 
33 	     16.000 	            0.0005890 	            0.0000179 	        27926.3538054 
34 	     16.500 	            0.0006069 	            0.0000180 	        27924.0011644 
35 	     17.000 	            0.0006248 	            0.0000179 	        27924.1166026 
36 	     17.500 	            0.0006427 	            0.0000179 	        27924.5397965 
37 	     18.000 	            0.0006606 	            0.0000179 	        27926.6057823 
38 	     18.500 	            0.0006785 	            0.0000179 	        27925.5296835 
39 	     19.000 	            0.0006964 	            0.0000179 	        27924.8585072 
40 	     19.500 	            0.0007144 	            0.0000179 	        27923.5358607 
41 	     20.000 	            0.0007323 	            0.0000179 	        27924.6702676 
42 	     20.500 	            0.0007502 	            0.0000179 	        27924.4994082 
43 	     21.000 	            0.0007681 	            0.0000179 	        27925.1992772 
44 	     21.500 	            0.0007860 	            0.0000179 	        27923.6656154 
45 	     22.000 	            0.0008038 	            0.0000178 	        27925.9713892 
46 	     22.500 	            0.0008218 	            0.0000180 	        27923.8546886 
47 	     23.000 	            0.0008397 	            0.0000179 	        27925.6012274 
48 	     23.500 	            0.0008576 	            0.0000179 	        27924.5348787 
49 	     24.000 	            0.0008755 	            0.0000179 	        27924.8264850 
50 	     24.500 	            0.0008934 	            0.0000179 	        27923.6024641 
51 	     25.000 	            0.0009113 	            0.0000179 	        27925.1808326 
52 	     25.500 	            0.0009292 	            0.0000179 	        27924.2146297 
53 	     26.000 	            0.0009471 	            0.0000179 	        27924.2537845 
54 	     26.500 	            0.0009650 	            0.0000179 	        27924.5273847 
55 	     27.000 	            0.0009829 	            0.0000179 	        27924.9509840 
56 	     27.500 	            0.0010009 	            0.0000179 	        27924.3050203 
57 	     28.000 	            0.0010187 	            0.0000179 	        27924.7178520 
58 	     28.500 	            0.0010367 	            0.0000179 	        27923.9641197 
59 	     29.000 	            0.0010546 	            0.0000179 	        27924.4023709 
60 	     29.500 	            0.0010725 	            0.0000179 	        27923.4050612 
61 	     30.000 	            0.0010904 	            0.0000179 	        27924.0456375 
62 	     30.500 	            0.0011083 	            0.0000179 	        27924.0990337 
63 	     31.000 	            0.0011262 	            0.0000179 	        27924.9513957 
64 	     31.500 	            0.0011441 	            0.0000179 	        27923.8944245 
65 	     32.000 	            0.0011620 	            0.0000179 	        27924.4922097 
66 	     32.500 	            0.0011799 	            0.0000179 	        27924.1059453 
67 	     33.000 	            0.0011978 	            0.0000179 	        27924.0753699 
68 	     33.500 	            0.0012157 	            0.0000179 	        27924.5300613 
69 	     34.000 	            0.0012336 	            0.0000179 	        27923.8986671 
70 	     34.500 	            0.0012515 	            0.0000179 	        27924.8066886 
71 	     35.000 	            0.0012694 	            0.0000179 	        27924.1287862 
72 	     35.500 	            0.0012873 	            0.0000179 	        27924.7442058 
73 	     36.000 	            0.0013053 	            0.0000179 	        27924.0375367 
74 	     36.500 	            0.0013232 	            0.0000179 	        27923.5165452 
75 	     37.000 	            0.0013411 	            0.0000179 	        27924.1143749 
76 	     37.500 	            0.0013590 	            0.0000179 	        27924.1057674 
77 	     38.000 	            0.0013769 	            0.0000179 	        27923.6524190 
78 	     38.500 	            0.0013948 	            0.0000179 	        27923.7192242 
79 	     39.000 	            0.0014127 	            0.0000179 	        27924.6745183 
80 	     39.500 	            0.0014306 	            0.0000179 	        27924.0691493 
81 	     40.000 	            0.0014485 	            0.0000179 	        27923.9149372 
82 	     40.500 	            0.0014664 	            0.0000179 	        27924.0276013 
83 	     41.000 	            0.0014843 	            0.0000179 	        27924.1830399 
84 	     41.500 	            0.0015022 	            0.0000179 	        27923.5538636 
85 	     42.000 	            0.0015201 	            0.0000179 	        27923.9386496 
86 	     42.500 	            0.0015380 	            0.0000179 	        27924.0270748 
87 	     43.000 	            0.0015559 	            0.0000179 	        27923.9241359 
88 	     43.500 	            0.0015738 	            0.0000179 	        27923.9266514 
89 	     44.000 	            0.0015918 	            0.0000179 	        27923.4013722 
90 	     44.500 	            0.0016097 	            0.0000179 	        27923.4470299 
91 	     45.000 	            0.0016276 	            0.0000179 	        27923.7641744 
92 	     45.500 	            0.0016455 	            0.0000179 	        27923.9115764 
93 	     46.000 	            0.0016634 	            0.0000179 	        27923.7149569 
94 	     46.500 	            0.0016813 	            0.0000179 	        27924.0197430 
95 	     47.000 	            0.0016992 	            0.0000179 	        27923.8889728 
96 	     47.500 	            0.0017171 	            0.0000179 	        27923.6662341 
97 	     48.000 	            0.0017350 	            0.0000179 	        27924.3609903 
98 	     48.500 	            0.0017529 	            0.0000179 	        27924.0433457 
99 	     49.000 	            0.0017708 	            0.0000179 	        27923.9340077 
100 	     49.500 	            0.0017887 	            0.0000179 	        27924.3235671 
101 	     50.000 	            0.0018066 	            0.0000179 	        27924.4145721 
102 	     50.500 	            0.0018245 	            0.0000179 	        27924.0109001 
103 	     51.000 	            0.0018425 	            0.0000179 	        27923.5848121 
104 	     51.500 	            0.0018604 	            0.0000179 	        27923.5889876 
105 	     52.000 	            0.0018782 	            0.0000179 	        27924.4136611 
106 	     52.500 	            0.0018961 	            0.0000179 	        27924.2462022 
107 	     53.000 	            0.0019141 	            0.0000179 	        27923.7860333 
108 	     53.500 	            0.0019320 	            0.0000179 	        27923.7375915 
109 	     54.000 	            0.0019499 	            0.0000179 	        27924.0583496 
110 	     54.500 	            0.0019678 	            0.0000179 	        27923.8039823 
111 	     55.000 	            0.0019857 	            0.0000179 	        27923.7044028 
112 	     55.500 	            0.0020036 	            0.0000179 	        27923.9023791 
113 	     56.000 	            0.0020215 	            0.0000179 	        27923.7139732 
114 	     56.500 	            0.0020394 	            0.0000179 	        27923.7124322 
115 	     57.000 	            0.0020573 	            0.0000179 	        27923.5777726 
116 	     57.500 	            0.0020752 	            0.0000179 	        27924.0574208 
117 	     58.000 	            0.0020931 	            0.0000179 	        27924.0902028 
118 	     58.500 	            0.0021111 	            0.0000180 	        27923.2188921 
119 	     59.000 	            0.0021289 	            0.0000178 	        27924.6346470 
120 	     59.500 	            0.0021468 	            0.0000180 	        27923.9442348 
121 	     60.000 	            0.0021648 	            0.0000180 	        27923.3473452 
122 	     60.500 	            0.0021827 	            0.0000179 	        27923.7043386 
123 	     61.000 	            0.0022005 	            0.0000179 	        27924.1119866 
124 	     61.500 	            0.0022185 	            0.0000180 	        27923.0083763 
125 	     62.000 	            0.0022363 	            0.0000178 	        27924.1517720 
126 	     62.500 	            0.0022543 	            0.0000180 	        27923.2691640 
127 	     63.000 	            0.0022721 	            0.0000178 	        27924.3120715 
128 	     63.500 	            0.0022901 	            0.0000179 	        27924.2040276 
129 	     64.000 	            0.0023080 	            0.0000179 	        27924.2699650 
130 	     64.500 	            0.0023259 	            0.0000179 	        27924.1799971 
131 	     65.000 	            0.0023438 	            0.0000179 	        27924.2428701 
132 	     65.500 	            0.0023617 	            0.0000180 	        27923.6603940 
133 	     66.000 	            0.0023796 	            0.0000179 	        27924.2900810 
134 	     66.500 	            0.0023975 	            0.0000179 	        27924.1939914 
135 	     67.000 	            0.0024154 	            0.0000179 	        27923.9260456 
136 	     67.500 	            0.0024333 	            0.0000179 	        27924.0774528 
137 	     68.000 	            0.0024512 	            0.0000179 	        27923.7893284 
138 	     68.500 	            0.0024691 	            0.0000179 	        27924.2991383 
139 	     69.000 	            0.0024870 	            0.0000179 	        27924.6037373 
140 	     69.500 	            0.0025049 	            0.0000179 	        27924.1144275 
141 	     70.000 	            0.0025228 	            0.0000179 	        27924.3189993 
142 	     70.500 	            0.0025407 	            0.0000179 	        27924.1746405 
143 	     71.000 	            0.0025586 	            0.0000179 	        27924.5013785 
144 	     71.500 	            0.0025765 	            0.0000179 	        27924.2653005 
145 	     72.000 	            0.0025944 	            0.0000179 	        27924.3836314 
146 	     72.500 	            0.0026124 	            0.0000179 	        27924.2485498 
147 	     73.000 	            0.0026303 	            0.0000180 	        27923.7701593 
148 	     73.500 	            0.0026482 	            0.0000179 	        27924.0814096 
149 	     74.000 	            0.0026660 	            0.0000179 	        27924.6316961 
150 	     74.500 	            0.0026840 	            0.0000179 	        27924.3882371 
151 	     75.000 	            0.0027019 	            0.0000180 	        27923.7821707 
152 	     75.500 	            0.0027198 	            0.0000179 	        27924.0112924 
153 	     76.000 	            0.0027377 	            0.0000179 	        27924.3702926 
154 	     76.500 	            0.0027556 	            0.0000179 	        27924.0410354 
155 	     77.000 	            0.0027735 	            0.0000178 	        27924.7136255 
156 	     77.500 	            0.0027914 	            0.0000179 	        27924.5354377 
157 	     78.000 	            0.0028093 	            0.0000179 	        27924.4889847 
158 	     78.500 	            0.0028272 	            0.0000179 	        27924.6429047 
159 	     79.000 	            0.0028451 	            0.0000179 	        27924.8845879 
160 	     79.500 	            0.0028630 	            0.0000180 	        27924.2284337 
161 	     80.000 	            0.0028809 	            0.0000179 	        27924.4365199 
162 	     80.500 	            0.0028988 	            0.0000179 	        27924.6455691 
163 	     81.000 	            0.0029167 	            0.0000179 	        27924.5895585 
164 	     81.500 	            0.0029346 	            0.0000179 	        27924.3158416 
165 	     82.000 	            0.0029525 	            0.0000178 	        27924.8980624 
166 	     82.500 	            0.0029704 	            0.0000179 	        27924.6570811 
167 	     83.000 	            0.0029884 	            0.0000179 	        27924.3930395 
168 	     83.500 	            0.0030063 	            0.0000179 	        27924.0683705 
169 	     84.000 	            0.0030241 	            0.0000178 	        27924.7681241 
170 	     84.500 	            0.0030421 	            0.0000180 	        27924.3456358 
171 	     85.000 	            0.0030600 	            0.0000179 	        27924.4151708 
172 	     85.500 	            0.0030778 	            0.0000179 	        27924.8197418 
173 	     86.000 	            0.0030958 	            0.0000179 	        27924.5973525 
174 	     86.500 	            0.0031137 	            0.0000179 	        27924.5928584 
175 	     87.000 	            0.0031316 	            0.0000179 	        27924.2232876 
176 	     87.500 	            0.0031495 	            0.0000179 	        27924.1677685 
177 	     88.000 	            0.0031674 	            0.0000179 	        27924.1223998 
178 	     88.500 	            0.0031853 	            0.0000178 	        27924.7346199 
179 	     89.000 	            0.0032032 	            0.0000179 	        27924.3466474 
180 	     89.500 	            0.0032211 	            0.0000179 	        27924.7009358 
181 	     90.000 	            0.0032391 	            0.0000180 	        27924.1616395 
182 	     90.500 	            0.0032569 	            0.0000179 	        27924.5303642 
183 	     91.000 	            0.0032748 	            0.0000179 	        27924.5165171 
184 	     91.500 	            0.0032928 	            0.0000179 	        27924.2472890 
185 	     92.000 	            0.0033107 	            0.0000180 	        27923.7954858 
186 	     92.500 	            0.0033286 	            0.0000178 	        27924.2928381 
187 	     93.000 	            0.0033465 	            0.0000179 	        27924.1859850 
188 	     93.500 	            0.0033644 	            0.0000179 	        27924.4343828 
189 	     94.000 	            0.0033823 	            0.0000179 	        27924.5395667 
190 	     94.500 	            0.0034002 	            0.0000179 	        27924.5319313 
191 	     95.000 	            0.0034181 	            0.0000179 	        27924.3452724 
192 	     95.500 	            0.0034360 	            0.0000179 	        27924.2050825 
193 	     96.000 	            0.0034539 	            0.0000179 	        27924.5182463 
194 	     96.500 	            0.0034718 	            0.0000179 	        27924.4864201 
195 	     97.000 	            0.0034897 	            0.0000179 	        27924.1575321 
196 	     97.500 	            0.0035076 	            0.0000178 	        27924.7748977 
197 	     98.000 	            0.0035256 	            0.0000180 	        27923.9293196 
198 	     98.500 	            0.0035434 	            0.0000179 	        27924.2579205 
199 	     99.000 	            0.0035613 	            0.0000178 	        27924.9622368 
200 	     99.500 	            0.0035792 	            0.0000179 	        27924.8532529 
201 	    100.000 	            0.0035972 	            0.0000180 	        27923.9795113 
202 	    100.500 	            0.0036151 	            0.0000179 	        27923.9523915 
203 	    101.000 	            0.0036330 	            0.0000179 	        27923.7190699 
204 	    101.500 	            0.0036510 	            0.0000179 	        27923.3937223 
205 	    102.000 	            0.0036688 	            0.0000178 	        27924.4385598 
206 	    102.500 	            0.0036867 	            0.0000180 	        27923.8230852 
207 	    103.000 	            0.0037046 	            0.0000178 	        27924.3447615 
208 	    103.500 	            0.0037225 	            0.0000180 	        27923.8992544 
209 	    104.000 	            0.0037405 	            0.0000179 	        27923.8042581 
210 	    104.500 	            0.0037584 	            0.0000179 	        27923.9454901 
211 	    105.000 	            0.0037762 	            0.0000179 	        27924.1219657 
212 	    105.500 	            0.0037942 	            0.0000179 	        27923.8060522 
213 	    106.000 	            0.0038120 	            0.0000178 	        27924.3609384 
214 	    106.500 	            0.0038300 	            0.0000180 	        27923.9868420 
215 	    107.000 	            0.0038479 	            0.0000179 	        27923.8464360 
216 	    107.500 	            0.0038657 	            0.0000178 	        27924.7868174 
217 	    108.000 	            0.0038837 	            0.0000180 	        27924.1179084 
218 	    108.500 	            0.0039016 	            0.0000179 	        27924.0645591 
219 	    109.000 	            0.0039195 	            0.0000179 	        27923.8573744 
220 	    109.500 	            0.0039374 	            0.0000179 	        27923.8905200 
221 	    110.000 	            0.0039553 	            0.0000179 	        27924.0247160 
222 	    110.500 	            0.0039732 	            0.0000179 	        27924.3244951 
223 	    111.000 	            0.0039912 	            0.0000181 	        27923.2523931 
224 	    111.500 	            0.0040091 	            0.0000178 	        27923.7310685 
225 	    112.000 	            0.0040271 	            0.0000180 	        27923.1596661 
226 	    112.500 	            0.0040448 	            0.0000177 	        27924.3008672 
227 	    113.000 	            0.0040627 	            0.0000179 	        27924.0728218 
228 	    113.500 	            0.0040807 	            0.0000180 	        27923.4949311 
229 	    114.000 	            0.0040986 	            0.0000179 	        27923.4637003 
230 	    114.500 	            0.0041165 	            0.0000179 	        27923.4397693 
231 	    115.000 	            0.0041344 	            0.0000179 	        27923.6659081 
232 	    115.500 	            0.0041522 	            0.0000178 	        27924.2661305 
233 	    116.000 	            0.0041701 	            0.0000179 	        27924.3797810 
234 	    116.500 	            0.0041881 	            0.0000180 	        27923.9777565 
235 	    117.000 	            0.0042059 	            0.0000178 	        27924.6633238 
236 	    117.500 	            0.0042240 	            0.0000181 	        27923.2995415 
237 	    118.000 	            0.0042419 	            0.0000179 	        27923.3251244 
238 	    118.500 	            0.0042597 	            0.0000178 	        27924.1320587 
239 	    119.000 	            0.0042778 	            0.0000181 	        27922.9920355 
240 	    119.500 	            0.0042956 	            0.0000178 	        27923.5933607 
241 	    120.000 	            0.0043135 	            0.0000179 	        27923.5992279 
242 	    120.500 	            0.0043315 	            0.0000180 	        27922.9937013 
243 	    121.000 	            0.0043494 	            0.0000179 	        27922.8713629 
244 	    121.500 	            0.0043673 	            0.0000179 	        27923.0309147 
245 	    122.000 	            0.0043853 	            0.0000180 	        27922.5967303 
246 	    122.500 	            0.0044031 	            0.0000179 	        27922.9280735 
247 	    123.000 	            0.0044210 	            0.0000179 	        27922.9463689 
248 	    123.500 	            0.0044389 	            0.0000178 	        27923.3416643 
249 	    124.000 	            0.0044568 	            0.0000179 	        27923.2152686 
250 	    124.500 	            0.0044747 	            0.0000179 	        27923.2280248 
251 	    125.000 	            0.0044927 	            0.0000180 	        27922.8362981 
252 	    125.500 	            0.0045105 	            0.0000178 	        27923.4298574 
253 	    126.000 	            0.0045286 	            0.0000181 	        27922.3590134 
254 	    126.500 	            0.0045464 	            0.0000179 	        27922.6779650 
255 	    127.000 	            0.0045643 	            0.0000179 	        27922.7063813 
256 	    127.500 	            0.0045823 	            0.0000180 	        27922.2345129 
257 	    128.000 	            0.0046003 	            0.0000180 	        27921.6947163 
258 	    128.500 	            0.0046179 	            0.0000176 	        27923.6074036 
259 	    129.000 	            0.0046360 	            0.0000181 	        27922.2303562 
260 	    129.500 	            0.0046539 	            0.0000178 	        27922.6174945 
261 	    130.000 	            0.0046716 	            0.0000178 	        27923.3526402 
262 	    130.500 	            0.0046897 	            0.0000180 	        27922.6495266 
263 	    131.000 	            0.0047076 	            0.0000179 	        27922.6767056 
264 	    131.500 	            0.0047256 	            0.0000180 	        27922.0382885 
265 	    132.000 	            0.0047434 	            0.0000178 	        27922.4213308 
266 	    132.500 	            0.0047614 	            0.0000179 	        27922.2168233 
267 	    133.000 	            0.0047793 	            0.0000180 	        27921.8835927 
268 	    133.500 	            0.0047971 	            0.0000177 	        27922.8978628 
269 	    134.000 	            0.0048152 	            0.0000182 	        27921.3418140 
270 	    134.500 	            0.0048332 	            0.0000180 	        27921.0402313 
271 	    135.000 	            0.0048510 	            0.0000178 	        27921.8307488 
272 	    135.500 	            0.0048690 	            0.0000180 	        27921.2818266 
273 	    136.000 	            0.0048868 	            0.0000178 	        27921.8248617 
274 	    136.500 	            0.0049046 	            0.0000178 	        27922.1619082 
275 	    137.000 	            0.0049227 	            0.0000180 	        27921.4777690 
276 	    137.500 	            0.0049406 	            0.0000179 	        27921.3623663 
277 	    138.000 	            0.0049584 	            0.0000178 	        27921.7134556 
278 	    138.500 	            0.0049765 	            0.0000181 	        27920.8198780 
279 	    139.000 	            0.0049943 	            0.0000178 	        27921.3023490 
