# Zc 	 Nc 	 t0 (s) 	 elapsed time (s) 	 F (Hz) 
1 	      0.000 	            0.0000181 	            0.0000000 	            0.0000000 
2 	      0.500 	            0.0000360 	            0.0000179 	        27882.5602206 
3 	      1.000 	            0.0000539 	            0.0000179 	        27923.3399759 
4 	      1.500 	            0.0000718 	            0.0000179 	        27911.4615807 
5 	      2.000 	            0.0000897 	            0.0000179 	        27925.6696026 
6 	      2.500 	            0.0001076 	            0.0000179 	        27916.6296711 
7 	      3.000 	            0.0001255 	            0.0000179 	        27922.3700566 
8 	      3.500 	            0.0001435 	            0.0000179 	        27916.4446161 
9 	      4.000 	            0.0001614 	            0.0000179 	        27917.8299510 
10 	      4.500 	            0.0001792 	            0.0000179 	        27922.3813049 
11 	      5.000 	            0.0001971 	            0.0000179 	        27924.4747503 
12 	      5.500 	            0.0002151 	            0.0000179 	        27923.8587601 
13 	      6.000 	            0.0002329 	            0.0000179 	        27925.5290997 
14 	      6.500 	            0.0002509 	            0.0000179 	        27920.3429107 
15 	      7.000 	            0.0002688 	            0.0000179 	        27923.6204837 
16 	      7.500 	            0.0002867 	            0.0000179 	        27923.3096015 
17 	      8.000 	            0.0003046 	            0.0000179 	        27924.0565297 
18 	      8.500 	            0.0003225 	            0.0000179 	        27921.6736890 
19 	      9.000 	            0.0003404 	            0.0000179 	        27925.2443147 
20 	      9.500 	            0.0003583 	            0.0000179 	        27923.5755011 
21 	     10.000 	            0.0003762 	            0.0000179 	        27925.0615069 
22 	     10.500 	            0.0003941 	            0.0000179 	        27925.4603701 
23 	     11.000 	            0.0004120 	            0.0000179 	        27924.8036120 
24 	     11.500 	            0.0004299 	            0.0000179 	        27923.9904117 
25 	     12.000 	            0.0004478 	            0.0000179 	        27923.1136572 
26 	     12.500 	            0.0004657 	            0.0000179 	        27924.0613061 
27 	     13.000 	            0.0004836 	            0.0000179 	        27925.7113468 
28 	     13.500 	            0.0005016 	            0.0000179 	        27923.5449730 
29 	     14.000 	            0.0005194 	            0.0000179 	        27924.6097707 
30 	     14.500 	            0.0005373 	            0.0000179 	        27924.2558443 
31 	     15.000 	            0.0005552 	            0.0000179 	        27925.8694786 
32 	     15.500 	            0.0005732 	            0.0000179 	        27923.9115099 
33 	     16.000 	            0.0005911 	            0.0000179 	        27925.0359342 
34 	     16.500 	            0.0006090 	            0.0000179 	        27923.2739570 
35 	     17.000 	            0.0006269 	            0.0000179 	        27923.6601772 
36 	     17.500 	            0.0006448 	            0.0000179 	        27923.7675916 
37 	     18.000 	            0.0006627 	            0.0000179 	        27925.3164294 
38 	     18.500 	            0.0006806 	            0.0000179 	        27924.7624437 
39 	     19.000 	            0.0006985 	            0.0000179 	        27924.8830497 
40 	     19.500 	            0.0007164 	            0.0000179 	        27923.9101638 
41 	     20.000 	            0.0007343 	            0.0000179 	        27925.2784765 
42 	     20.500 	            0.0007522 	            0.0000179 	        27924.7941114 
43 	     21.000 	            0.0007701 	            0.0000179 	        27924.2669906 
44 	     21.500 	            0.0007880 	            0.0000179 	        27924.1240527 
45 	     22.000 	            0.0008059 	            0.0000179 	        27924.6583287 
46 	     22.500 	            0.0008238 	            0.0000179 	        27924.2473119 
47 	     23.000 	            0.0008417 	            0.0000179 	        27924.1998135 
48 	     23.500 	            0.0008597 	            0.0000179 	        27924.2122119 
49 	     24.000 	            0.0008775 	            0.0000179 	        27925.0002539 
50 	     24.500 	            0.0008955 	            0.0000180 	        27922.8988501 
51 	     25.000 	            0.0009134 	            0.0000178 	        27924.7219053 
52 	     25.500 	            0.0009313 	            0.0000179 	        27924.1230524 
53 	     26.000 	            0.0009492 	            0.0000179 	        27924.9176356 
54 	     26.500 	            0.0009671 	            0.0000179 	        27923.7918861 
55 	     27.000 	            0.0009850 	            0.0000179 	        27924.7677611 
56 	     27.500 	            0.0010029 	            0.0000179 	        27923.5485305 
57 	     28.000 	            0.0010208 	            0.0000179 	        27924.1132637 
58 	     28.500 	            0.0010387 	            0.0000179 	        27924.1028547 
59 	     29.000 	            0.0010566 	            0.0000179 	        27924.0510469 
60 	     29.500 	            0.0010745 	            0.0000179 	        27924.1107909 
61 	     30.000 	            0.0010924 	            0.0000179 	        27924.4404761 
62 	     30.500 	            0.0011103 	            0.0000179 	        27924.5680418 
63 	     31.000 	            0.0011282 	            0.0000179 	        27924.0262516 
64 	     31.500 	            0.0011462 	            0.0000179 	        27923.9452123 
65 	     32.000 	            0.0011641 	            0.0000179 	        27923.9926355 
66 	     32.500 	            0.0011820 	            0.0000179 	        27923.9167011 
67 	     33.000 	            0.0011999 	            0.0000179 	        27924.3785414 
68 	     33.500 	            0.0012178 	            0.0000179 	        27924.1874730 
69 	     34.000 	            0.0012356 	            0.0000179 	        27924.7285192 
70 	     34.500 	            0.0012536 	            0.0000179 	        27924.3201023 
71 	     35.000 	            0.0012715 	            0.0000179 	        27923.9559066 
72 	     35.500 	            0.0012894 	            0.0000179 	        27923.8154917 
73 	     36.000 	            0.0013073 	            0.0000179 	        27924.1283921 
74 	     36.500 	            0.0013252 	            0.0000179 	        27923.3164067 
75 	     37.000 	            0.0013431 	            0.0000178 	        27924.5475577 
76 	     37.500 	            0.0013610 	            0.0000179 	        27924.1369745 
77 	     38.000 	            0.0013789 	            0.0000179 	        27923.8213901 
78 	     38.500 	            0.0013969 	            0.0000179 	        27923.4562181 
79 	     39.000 	            0.0014147 	            0.0000179 	        27924.1819936 
80 	     39.500 	            0.0014327 	            0.0000179 	        27923.7391567 
81 	     40.000 	            0.0014506 	            0.0000179 	        27923.7248935 
82 	     40.500 	            0.0014684 	            0.0000179 	        27924.1297227 
83 	     41.000 	            0.0014863 	            0.0000179 	        27924.4972318 
84 	     41.500 	            0.0015043 	            0.0000179 	        27924.0897228 
85 	     42.000 	            0.0015222 	            0.0000179 	        27924.1361989 
86 	     42.500 	            0.0015401 	            0.0000179 	        27924.2259972 
87 	     43.000 	            0.0015580 	            0.0000179 	        27924.4587802 
88 	     43.500 	            0.0015759 	            0.0000180 	        27922.9926357 
89 	     44.000 	            0.0015938 	            0.0000178 	        27924.3577000 
90 	     44.500 	            0.0016117 	            0.0000179 	        27923.7981952 
91 	     45.000 	            0.0016296 	            0.0000179 	        27923.5559643 
92 	     45.500 	            0.0016475 	            0.0000179 	        27923.9305818 
93 	     46.000 	            0.0016654 	            0.0000179 	        27923.9778718 
94 	     46.500 	            0.0016833 	            0.0000179 	        27923.8953442 
95 	     47.000 	            0.0017012 	            0.0000179 	        27924.4289615 
96 	     47.500 	            0.0017192 	            0.0000180 	        27923.2616818 
97 	     48.000 	            0.0017371 	            0.0000179 	        27923.5930240 
98 	     48.500 	            0.0017550 	            0.0000179 	        27923.5928318 
99 	     49.000 	            0.0017728 	            0.0000178 	        27924.4930807 
100 	     49.500 	            0.0017908 	            0.0000180 	        27923.2989766 
101 	     50.000 	            0.0018087 	            0.0000179 	        27923.9683854 
102 	     50.500 	            0.0018266 	            0.0000179 	        27924.2384366 
103 	     51.000 	            0.0018445 	            0.0000179 	        27924.2027531 
104 	     51.500 	            0.0018624 	            0.0000179 	        27923.6538112 
105 	     52.000 	            0.0018803 	            0.0000179 	        27923.5465451 
106 	     52.500 	            0.0018982 	            0.0000179 	        27923.9076877 
107 	     53.000 	            0.0019161 	            0.0000179 	        27924.0163079 
108 	     53.500 	            0.0019340 	            0.0000179 	        27923.9555977 
109 	     54.000 	            0.0019519 	            0.0000179 	        27924.1350518 
110 	     54.500 	            0.0019698 	            0.0000179 	        27924.0469284 
111 	     55.000 	            0.0019877 	            0.0000179 	        27923.9592812 
112 	     55.500 	            0.0020056 	            0.0000179 	        27923.7506963 
113 	     56.000 	            0.0020235 	            0.0000179 	        27923.8611877 
114 	     56.500 	            0.0020414 	            0.0000179 	        27924.5037414 
115 	     57.000 	            0.0020593 	            0.0000179 	        27924.1923652 
116 	     57.500 	            0.0020773 	            0.0000179 	        27923.9058561 
117 	     58.000 	            0.0020952 	            0.0000179 	        27923.9304450 
118 	     58.500 	            0.0021131 	            0.0000179 	        27924.0387476 
119 	     59.000 	            0.0021310 	            0.0000179 	        27924.0815098 
120 	     59.500 	            0.0021489 	            0.0000179 	        27923.7731705 
121 	     60.000 	            0.0021668 	            0.0000179 	        27923.9992034 
122 	     60.500 	            0.0021847 	            0.0000179 	        27924.4049731 
123 	     61.000 	            0.0022026 	            0.0000179 	        27924.1726963 
124 	     61.500 	            0.0022205 	            0.0000179 	        27923.9143209 
125 	     62.000 	            0.0022384 	            0.0000179 	        27923.8777067 
126 	     62.500 	            0.0022563 	            0.0000179 	        27923.9291358 
127 	     63.000 	            0.0022742 	            0.0000179 	        27923.9905757 
128 	     63.500 	            0.0022921 	            0.0000179 	        27923.9843241 
129 	     64.000 	            0.0023100 	            0.0000179 	        27924.1917144 
130 	     64.500 	            0.0023279 	            0.0000179 	        27924.2497523 
131 	     65.000 	            0.0023458 	            0.0000179 	        27924.4846480 
132 	     65.500 	            0.0023637 	            0.0000179 	        27924.4503353 
133 	     66.000 	            0.0023816 	            0.0000179 	        27924.2557373 
134 	     66.500 	            0.0023996 	            0.0000180 	        27923.4024861 
135 	     67.000 	            0.0024174 	            0.0000178 	        27924.4854638 
136 	     67.500 	            0.0024353 	            0.0000179 	        27924.3299034 
137 	     68.000 	            0.0024533 	            0.0000179 	        27924.1059362 
138 	     68.500 	            0.0024712 	            0.0000179 	        27923.9264344 
139 	     69.000 	            0.0024890 	            0.0000179 	        27924.4351548 
140 	     69.500 	            0.0025070 	            0.0000179 	        27924.0405777 
141 	     70.000 	            0.0025249 	            0.0000179 	        27924.0206285 
142 	     70.500 	            0.0025428 	            0.0000179 	        27923.9620954 
143 	     71.000 	            0.0025607 	            0.0000179 	        27924.4958238 
144 	     71.500 	            0.0025786 	            0.0000179 	        27924.4210665 
145 	     72.000 	            0.0025965 	            0.0000179 	        27924.2482087 
146 	     72.500 	            0.0026144 	            0.0000179 	        27924.3767037 
147 	     73.000 	            0.0026323 	            0.0000179 	        27923.9882976 
148 	     73.500 	            0.0026502 	            0.0000179 	        27923.9863034 
149 	     74.000 	            0.0026681 	            0.0000178 	        27924.6751420 
150 	     74.500 	            0.0026860 	            0.0000179 	        27924.6930389 
151 	     75.000 	            0.0027039 	            0.0000179 	        27924.4392469 
152 	     75.500 	            0.0027218 	            0.0000179 	        27924.0660006 
153 	     76.000 	            0.0027397 	            0.0000179 	        27924.3068157 
154 	     76.500 	            0.0027576 	            0.0000179 	        27924.6022068 
155 	     77.000 	            0.0027755 	            0.0000179 	        27924.2476664 
156 	     77.500 	            0.0027934 	            0.0000179 	        27924.5932407 
157 	     78.000 	            0.0028114 	            0.0000180 	        27923.8551405 
158 	     78.500 	            0.0028292 	            0.0000178 	        27924.6549139 
159 	     79.000 	            0.0028472 	            0.0000179 	        27924.4184198 
160 	     79.500 	            0.0028651 	            0.0000179 	        27924.1258225 
161 	     80.000 	            0.0028829 	            0.0000179 	        27924.6100028 
162 	     80.500 	            0.0029009 	            0.0000179 	        27924.3434806 
163 	     81.000 	            0.0029187 	            0.0000179 	        27924.7162821 
164 	     81.500 	            0.0029367 	            0.0000180 	        27924.1660603 
165 	     82.000 	            0.0029545 	            0.0000178 	        27925.1325613 
166 	     82.500 	            0.0029725 	            0.0000179 	        27924.7920585 
167 	     83.000 	            0.0029904 	            0.0000179 	        27924.5682416 
168 	     83.500 	            0.0030083 	            0.0000179 	        27924.2317751 
169 	     84.000 	            0.0030262 	            0.0000179 	        27924.1604186 
170 	     84.500 	            0.0030441 	            0.0000179 	        27924.5259880 
171 	     85.000 	            0.0030620 	            0.0000179 	        27924.7850741 
172 	     85.500 	            0.0030799 	            0.0000179 	        27924.5586162 
173 	     86.000 	            0.0030978 	            0.0000179 	        27924.3550216 
174 	     86.500 	            0.0031158 	            0.0000179 	        27924.2006921 
175 	     87.000 	            0.0031337 	            0.0000179 	        27924.1702653 
176 	     87.500 	            0.0031516 	            0.0000179 	        27924.2456962 
177 	     88.000 	            0.0031694 	            0.0000178 	        27924.7779678 
178 	     88.500 	            0.0031874 	            0.0000180 	        27924.3008867 
179 	     89.000 	            0.0032053 	            0.0000179 	        27924.1404629 
180 	     89.500 	            0.0032232 	            0.0000179 	        27924.5561532 
181 	     90.000 	            0.0032411 	            0.0000179 	        27924.5635611 
182 	     90.500 	            0.0032590 	            0.0000179 	        27924.4315866 
183 	     91.000 	            0.0032768 	            0.0000178 	        27924.9583745 
184 	     91.500 	            0.0032948 	            0.0000179 	        27924.6523459 
185 	     92.000 	            0.0033127 	            0.0000179 	        27924.6039104 
186 	     92.500 	            0.0033306 	            0.0000179 	        27924.7931035 
187 	     93.000 	            0.0033485 	            0.0000179 	        27924.6958023 
188 	     93.500 	            0.0033664 	            0.0000180 	        27924.1483531 
189 	     94.000 	            0.0033843 	            0.0000178 	        27924.8534394 
190 	     94.500 	            0.0034022 	            0.0000180 	        27924.2853366 
191 	     95.000 	            0.0034201 	            0.0000179 	        27924.4472566 
192 	     95.500 	            0.0034380 	            0.0000179 	        27924.5132219 
193 	     96.000 	            0.0034559 	            0.0000179 	        27924.5391274 
194 	     96.500 	            0.0034739 	            0.0000180 	        27923.9343832 
195 	     97.000 	            0.0034917 	            0.0000178 	        27924.4426579 
196 	     97.500 	            0.0035097 	            0.0000179 	        27924.2134141 
197 	     98.000 	            0.0035275 	            0.0000179 	        27924.6468324 
198 	     98.500 	            0.0035455 	            0.0000180 	        27924.1216991 
199 	     99.000 	            0.0035634 	            0.0000179 	        27924.2489579 
200 	     99.500 	            0.0035813 	            0.0000179 	        27923.9147727 
201 	    100.000 	            0.0035992 	            0.0000178 	        27924.4259716 
202 	    100.500 	            0.0036171 	            0.0000179 	        27924.3970768 
203 	    101.000 	            0.0036350 	            0.0000179 	        27924.4471738 
204 	    101.500 	            0.0036530 	            0.0000180 	        27924.0204796 
205 	    102.000 	            0.0036708 	            0.0000179 	        27924.3604929 
206 	    102.500 	            0.0036887 	            0.0000179 	        27924.3696406 
207 	    103.000 	            0.0037066 	            0.0000179 	        27924.5024478 
208 	    103.500 	            0.0037245 	            0.0000179 	        27924.2793851 
209 	    104.000 	            0.0037425 	            0.0000179 	        27924.0061876 
210 	    104.500 	            0.0037603 	            0.0000179 	        27924.3186953 
211 	    105.000 	            0.0037783 	            0.0000179 	        27924.1423632 
212 	    105.500 	            0.0037962 	            0.0000179 	        27923.8225429 
213 	    106.000 	            0.0038142 	            0.0000179 	        27923.6392690 
214 	    106.500 	            0.0038320 	            0.0000178 	        27924.1081706 
215 	    107.000 	            0.0038499 	            0.0000179 	        27924.3093494 
216 	    107.500 	            0.0038677 	            0.0000179 	        27924.6644046 
217 	    108.000 	            0.0038858 	            0.0000180 	        27923.7986296 
218 	    108.500 	            0.0039037 	            0.0000179 	        27923.7244756 
219 	    109.000 	            0.0039215 	            0.0000179 	        27924.0308156 
220 	    109.500 	            0.0039395 	            0.0000179 	        27923.8967387 
221 	    110.000 	            0.0039573 	            0.0000179 	        27924.1161602 
222 	    110.500 	            0.0039752 	            0.0000179 	        27924.0665159 
223 	    111.000 	            0.0039933 	            0.0000180 	        27923.1661288 
224 	    111.500 	            0.0040111 	            0.0000178 	        27923.6232506 
225 	    112.000 	            0.0040290 	            0.0000178 	        27924.0591183 
226 	    112.500 	            0.0040469 	            0.0000180 	        27923.5353647 
227 	    113.000 	            0.0040649 	            0.0000179 	        27923.4956087 
228 	    113.500 	            0.0040826 	            0.0000178 	        27924.5204964 
229 	    114.000 	            0.0041007 	            0.0000181 	        27923.2781405 
230 	    114.500 	            0.0041185 	            0.0000178 	        27924.1417979 
231 	    115.000 	            0.0041365 	            0.0000180 	        27923.6322628 
232 	    115.500 	            0.0041544 	            0.0000180 	        27923.2677006 
233 	    116.000 	            0.0041723 	            0.0000179 	        27923.3030117 
234 	    116.500 	            0.0041903 	            0.0000180 	        27923.0054438 
235 	    117.000 	            0.0042081 	            0.0000178 	        27923.6526714 
236 	    117.500 	            0.0042259 	            0.0000178 	        27924.5086334 
237 	    118.000 	            0.0042439 	            0.0000181 	        27923.5228365 
238 	    118.500 	            0.0042618 	            0.0000179 	        27923.6223758 
239 	    119.000 	            0.0042797 	            0.0000179 	        27923.8780340 
240 	    119.500 	            0.0042976 	            0.0000180 	        27923.5000618 
241 	    120.000 	            0.0043156 	            0.0000179 	        27923.4218609 
242 	    120.500 	            0.0043335 	            0.0000180 	        27922.9869839 
243 	    121.000 	            0.0043513 	            0.0000178 	        27923.6345633 
244 	    121.500 	            0.0043693 	            0.0000180 	        27923.2782058 
245 	    122.000 	            0.0043873 	            0.0000180 	        27922.6433756 
246 	    122.500 	            0.0044051 	            0.0000178 	        27923.0336197 
247 	    123.000 	            0.0044231 	            0.0000179 	        27923.0164569 
248 	    123.500 	            0.0044408 	            0.0000178 	        27923.9010905 
249 	    124.000 	            0.0044587 	            0.0000179 	        27923.8958380 
250 	    124.500 	            0.0044767 	            0.0000180 	        27923.2808967 
251 	    125.000 	            0.0044946 	            0.0000179 	        27923.3179985 
252 	    125.500 	            0.0045126 	            0.0000180 	        27922.9729384 
253 	    126.000 	            0.0045306 	            0.0000180 	        27922.2372163 
254 	    126.500 	            0.0045484 	            0.0000178 	        27922.8112100 
255 	    127.000 	            0.0045664 	            0.0000180 	        27922.2011130 
256 	    127.500 	            0.0045843 	            0.0000178 	        27922.6991167 
257 	    128.000 	            0.0046021 	            0.0000179 	        27922.8398663 
258 	    128.500 	            0.0046200 	            0.0000179 	        27922.8743469 
259 	    129.000 	            0.0046381 	            0.0000180 	        27922.0514927 
260 	    129.500 	            0.0046559 	            0.0000178 	        27922.9061014 
261 	    130.000 	            0.0046738 	            0.0000179 	        27922.7613765 
262 	    130.500 	            0.0046918 	            0.0000180 	        27922.1099300 
263 	    131.000 	            0.0047096 	            0.0000178 	        27922.4786425 
264 	    131.500 	            0.0047276 	            0.0000180 	        27922.2079344 
265 	    132.000 	            0.0047455 	            0.0000179 	        27922.0582448 
266 	    132.500 	            0.0047635 	            0.0000180 	        27921.7140943 
267 	    133.000 	            0.0047814 	            0.0000179 	        27922.0292320 
268 	    133.500 	            0.0047992 	            0.0000179 	        27922.1836439 
269 	    134.000 	            0.0048169 	            0.0000177 	        27923.3052409 
270 	    134.500 	            0.0048351 	            0.0000182 	        27921.7007046 
271 	    135.000 	            0.0048530 	            0.0000179 	        27921.6571558 
272 	    135.500 	            0.0048709 	            0.0000179 	        27921.9496329 
273 	    136.000 	            0.0048889 	            0.0000180 	        27921.7030079 
274 	    136.500 	            0.0049065 	            0.0000177 	        27923.0334438 
275 	    137.000 	            0.0049246 	            0.0000181 	        27921.9718645 
276 	    137.500 	            0.0049426 	            0.0000180 	        27921.6643820 
277 	    138.000 	            0.0049605 	            0.0000179 	        27921.8261638 
278 	    138.500 	            0.0049785 	            0.0000180 	        27921.2067574 
279 	    139.000 	            0.0049962 	            0.0000178 	        27922.0761104 
