# Zc 	 Nc 	 t0 (s) 	 elapsed time (s) 	 F (Hz) 
1 	      0.000 	            0.0000024 	            0.0000000 	            0.0000000 
2 	      0.500 	            0.0000203 	            0.0000179 	        27963.9341316 
3 	      1.000 	            0.0000382 	            0.0000179 	        27927.1398801 
4 	      1.500 	            0.0000561 	            0.0000179 	        27937.9149178 
5 	      2.000 	            0.0000740 	            0.0000179 	        27930.1195904 
6 	      2.500 	            0.0000919 	            0.0000179 	        27927.8483960 
7 	      3.000 	            0.0001098 	            0.0000179 	        27935.6634723 
8 	      3.500 	            0.0001277 	            0.0000179 	        27933.6972654 
9 	      4.000 	            0.0001456 	            0.0000179 	        27929.5391128 
10 	      4.500 	            0.0001635 	            0.0000179 	        27932.2356165 
11 	      5.000 	            0.0001814 	            0.0000179 	        27929.9853169 
12 	      5.500 	            0.0001993 	            0.0000179 	        27930.3054211 
13 	      6.000 	            0.0002173 	            0.0000179 	        27926.1281364 
14 	      6.500 	            0.0002352 	            0.0000179 	        27928.5479533 
15 	      7.000 	            0.0002531 	            0.0000179 	        27928.3585040 
16 	      7.500 	            0.0002710 	            0.0000179 	        27928.6554350 
17 	      8.000 	            0.0002889 	            0.0000179 	        27926.7995801 
18 	      8.500 	            0.0003068 	            0.0000179 	        27928.0845212 
19 	      9.000 	            0.0003247 	            0.0000179 	        27928.0993420 
20 	      9.500 	            0.0003426 	            0.0000179 	        27928.9343564 
21 	     10.000 	            0.0003605 	            0.0000179 	        27928.4520131 
22 	     10.500 	            0.0003784 	            0.0000179 	        27927.8263893 
23 	     11.000 	            0.0003963 	            0.0000179 	        27927.8765016 
24 	     11.500 	            0.0004142 	            0.0000179 	        27928.1145295 
25 	     12.000 	            0.0004321 	            0.0000179 	        27926.1832407 
26 	     12.500 	            0.0004500 	            0.0000179 	        27926.2291206 
27 	     13.000 	            0.0004679 	            0.0000179 	        27926.9310949 
28 	     13.500 	            0.0004858 	            0.0000179 	        27927.0504179 
29 	     14.000 	            0.0005037 	            0.0000179 	        27926.3504690 
30 	     14.500 	            0.0005216 	            0.0000179 	        27927.7103780 
31 	     15.000 	            0.0005395 	            0.0000179 	        27926.5721341 
32 	     15.500 	            0.0005574 	            0.0000179 	        27926.8909304 
33 	     16.000 	            0.0005753 	            0.0000179 	        27927.0265987 
34 	     16.500 	            0.0005933 	            0.0000179 	        27925.0806525 
35 	     17.000 	            0.0006112 	            0.0000179 	        27926.1406090 
36 	     17.500 	            0.0006290 	            0.0000179 	        27927.3171240 
37 	     18.000 	            0.0006469 	            0.0000179 	        27927.3640572 
38 	     18.500 	            0.0006649 	            0.0000179 	        27926.2901879 
39 	     19.000 	            0.0006828 	            0.0000179 	        27926.3326972 
40 	     19.500 	            0.0007007 	            0.0000179 	        27926.1469125 
41 	     20.000 	            0.0007186 	            0.0000179 	        27926.4799656 
42 	     20.500 	            0.0007365 	            0.0000179 	        27926.0245984 
43 	     21.000 	            0.0007544 	            0.0000179 	        27926.4766000 
44 	     21.500 	            0.0007723 	            0.0000179 	        27926.2698335 
45 	     22.000 	            0.0007902 	            0.0000179 	        27925.5119313 
46 	     22.500 	            0.0008081 	            0.0000179 	        27926.4489424 
47 	     23.000 	            0.0008260 	            0.0000179 	        27926.6486689 
48 	     23.500 	            0.0008439 	            0.0000179 	        27925.8207832 
49 	     24.000 	            0.0008618 	            0.0000179 	        27925.4751525 
50 	     24.500 	            0.0008797 	            0.0000179 	        27925.9590516 
51 	     25.000 	            0.0008976 	            0.0000179 	        27925.8562284 
52 	     25.500 	            0.0009156 	            0.0000179 	        27925.7276040 
53 	     26.000 	            0.0009335 	            0.0000179 	        27925.0849326 
54 	     26.500 	            0.0009514 	            0.0000179 	        27925.1499817 
55 	     27.000 	            0.0009693 	            0.0000179 	        27924.5191057 
56 	     27.500 	            0.0009872 	            0.0000179 	        27925.6202938 
57 	     28.000 	            0.0010051 	            0.0000179 	        27925.0355835 
58 	     28.500 	            0.0010230 	            0.0000179 	        27926.4554335 
59 	     29.000 	            0.0010409 	            0.0000180 	        27925.0117590 
60 	     29.500 	            0.0010588 	            0.0000179 	        27924.8529512 
61 	     30.000 	            0.0010767 	            0.0000179 	        27925.7026006 
62 	     30.500 	            0.0010946 	            0.0000179 	        27925.1894966 
63 	     31.000 	            0.0011125 	            0.0000179 	        27925.0474404 
64 	     31.500 	            0.0011304 	            0.0000179 	        27925.2461618 
65 	     32.000 	            0.0011483 	            0.0000179 	        27925.1002960 
66 	     32.500 	            0.0011662 	            0.0000179 	        27925.1703552 
67 	     33.000 	            0.0011841 	            0.0000179 	        27925.1972625 
68 	     33.500 	            0.0012021 	            0.0000179 	        27924.6193185 
69 	     34.000 	            0.0012200 	            0.0000179 	        27925.2100508 
70 	     34.500 	            0.0012379 	            0.0000179 	        27924.9435018 
71 	     35.000 	            0.0012558 	            0.0000179 	        27925.0377773 
72 	     35.500 	            0.0012737 	            0.0000179 	        27924.9765717 
73 	     36.000 	            0.0012916 	            0.0000179 	        27924.5001167 
74 	     36.500 	            0.0013095 	            0.0000179 	        27924.8209961 
75 	     37.000 	            0.0013274 	            0.0000179 	        27924.8401494 
76 	     37.500 	            0.0013453 	            0.0000179 	        27924.8416831 
77 	     38.000 	            0.0013632 	            0.0000179 	        27924.9910668 
78 	     38.500 	            0.0013811 	            0.0000179 	        27924.8394705 
79 	     39.000 	            0.0013990 	            0.0000179 	        27924.7877147 
80 	     39.500 	            0.0014169 	            0.0000179 	        27924.6426432 
81 	     40.000 	            0.0014348 	            0.0000179 	        27925.0215490 
82 	     40.500 	            0.0014527 	            0.0000179 	        27924.9256335 
83 	     41.000 	            0.0014707 	            0.0000179 	        27924.6206289 
84 	     41.500 	            0.0014886 	            0.0000179 	        27924.6585639 
85 	     42.000 	            0.0015065 	            0.0000179 	        27924.6785364 
86 	     42.500 	            0.0015244 	            0.0000179 	        27924.6938936 
87 	     43.000 	            0.0015423 	            0.0000179 	        27924.5755828 
88 	     43.500 	            0.0015602 	            0.0000179 	        27924.8724029 
89 	     44.000 	            0.0015781 	            0.0000179 	        27924.3611629 
90 	     44.500 	            0.0015960 	            0.0000179 	        27924.3436753 
91 	     45.000 	            0.0016139 	            0.0000179 	        27924.7573510 
92 	     45.500 	            0.0016318 	            0.0000179 	        27924.7797113 
93 	     46.000 	            0.0016497 	            0.0000179 	        27924.7267191 
94 	     46.500 	            0.0016676 	            0.0000179 	        27924.5132812 
95 	     47.000 	            0.0016855 	            0.0000179 	        27924.4244588 
96 	     47.500 	            0.0017034 	            0.0000179 	        27924.5808030 
97 	     48.000 	            0.0017214 	            0.0000179 	        27924.0689128 
98 	     48.500 	            0.0017392 	            0.0000179 	        27924.7183769 
99 	     49.000 	            0.0017571 	            0.0000179 	        27924.7123057 
100 	     49.500 	            0.0017751 	            0.0000179 	        27924.1231739 
101 	     50.000 	            0.0017930 	            0.0000179 	        27924.2519742 
102 	     50.500 	            0.0018108 	            0.0000179 	        27925.0684363 
103 	     51.000 	            0.0018288 	            0.0000180 	        27924.3521856 
104 	     51.500 	            0.0018467 	            0.0000179 	        27924.4145405 
105 	     52.000 	            0.0018646 	            0.0000179 	        27924.3536110 
106 	     52.500 	            0.0018825 	            0.0000179 	        27924.5025117 
107 	     53.000 	            0.0019004 	            0.0000179 	        27924.4263837 
108 	     53.500 	            0.0019183 	            0.0000179 	        27924.5865162 
109 	     54.000 	            0.0019362 	            0.0000179 	        27924.0224412 
110 	     54.500 	            0.0019541 	            0.0000179 	        27924.4590756 
111 	     55.000 	            0.0019720 	            0.0000179 	        27924.3878457 
112 	     55.500 	            0.0019899 	            0.0000179 	        27924.7843352 
113 	     56.000 	            0.0020078 	            0.0000179 	        27924.3971851 
114 	     56.500 	            0.0020257 	            0.0000179 	        27924.5028498 
115 	     57.000 	            0.0020436 	            0.0000179 	        27924.3329864 
116 	     57.500 	            0.0020615 	            0.0000179 	        27924.6894041 
117 	     58.000 	            0.0020795 	            0.0000179 	        27924.3053187 
118 	     58.500 	            0.0020973 	            0.0000179 	        27924.6467215 
119 	     59.000 	            0.0021153 	            0.0000179 	        27924.1539365 
120 	     59.500 	            0.0021332 	            0.0000179 	        27924.2797524 
121 	     60.000 	            0.0021511 	            0.0000179 	        27924.6285489 
122 	     60.500 	            0.0021690 	            0.0000179 	        27924.7624335 
123 	     61.000 	            0.0021869 	            0.0000179 	        27924.3782409 
124 	     61.500 	            0.0022048 	            0.0000179 	        27924.3511970 
125 	     62.000 	            0.0022227 	            0.0000179 	        27924.4997265 
126 	     62.500 	            0.0022406 	            0.0000179 	        27924.5959688 
127 	     63.000 	            0.0022585 	            0.0000179 	        27924.2735557 
128 	     63.500 	            0.0022764 	            0.0000179 	        27924.3835597 
129 	     64.000 	            0.0022943 	            0.0000179 	        27924.7007079 
130 	     64.500 	            0.0023122 	            0.0000179 	        27924.4911595 
131 	     65.000 	            0.0023301 	            0.0000179 	        27924.4637566 
132 	     65.500 	            0.0023480 	            0.0000179 	        27924.3083737 
133 	     66.000 	            0.0023659 	            0.0000179 	        27924.4789174 
134 	     66.500 	            0.0023838 	            0.0000179 	        27924.6070144 
135 	     67.000 	            0.0024018 	            0.0000179 	        27924.3950091 
136 	     67.500 	            0.0024196 	            0.0000179 	        27924.5318054 
137 	     68.000 	            0.0024375 	            0.0000179 	        27924.7532163 
138 	     68.500 	            0.0024555 	            0.0000179 	        27924.5990854 
139 	     69.000 	            0.0024734 	            0.0000179 	        27924.6691188 
140 	     69.500 	            0.0024913 	            0.0000179 	        27924.3769895 
141 	     70.000 	            0.0025092 	            0.0000179 	        27924.6610440 
142 	     70.500 	            0.0025271 	            0.0000180 	        27924.1161786 
143 	     71.000 	            0.0025450 	            0.0000179 	        27924.7049801 
144 	     71.500 	            0.0025629 	            0.0000179 	        27924.8632161 
145 	     72.000 	            0.0025808 	            0.0000179 	        27924.5912329 
146 	     72.500 	            0.0025987 	            0.0000179 	        27924.6407760 
147 	     73.000 	            0.0026166 	            0.0000179 	        27924.4165197 
148 	     73.500 	            0.0026345 	            0.0000179 	        27924.7767457 
149 	     74.000 	            0.0026524 	            0.0000179 	        27924.8495162 
150 	     74.500 	            0.0026703 	            0.0000179 	        27924.8403596 
151 	     75.000 	            0.0026882 	            0.0000179 	        27924.7393525 
152 	     75.500 	            0.0027061 	            0.0000179 	        27924.7581441 
153 	     76.000 	            0.0027240 	            0.0000179 	        27924.7612901 
154 	     76.500 	            0.0027419 	            0.0000179 	        27924.6271608 
155 	     77.000 	            0.0027598 	            0.0000179 	        27924.8766919 
156 	     77.500 	            0.0027777 	            0.0000179 	        27924.7769909 
157 	     78.000 	            0.0027956 	            0.0000179 	        27924.8496598 
158 	     78.500 	            0.0028135 	            0.0000179 	        27924.8989847 
159 	     79.000 	            0.0028314 	            0.0000179 	        27924.8613842 
160 	     79.500 	            0.0028494 	            0.0000179 	        27924.5984321 
161 	     80.000 	            0.0028673 	            0.0000179 	        27924.6973583 
162 	     80.500 	            0.0028852 	            0.0000179 	        27924.8968772 
163 	     81.000 	            0.0029031 	            0.0000180 	        27924.4631995 
164 	     81.500 	            0.0029210 	            0.0000179 	        27924.6688400 
165 	     82.000 	            0.0029389 	            0.0000179 	        27924.7594913 
166 	     82.500 	            0.0029568 	            0.0000179 	        27924.8508872 
167 	     83.000 	            0.0029747 	            0.0000179 	        27924.7177517 
168 	     83.500 	            0.0029926 	            0.0000179 	        27924.6824847 
169 	     84.000 	            0.0030105 	            0.0000179 	        27924.5624759 
170 	     84.500 	            0.0030284 	            0.0000179 	        27924.7540739 
171 	     85.000 	            0.0030463 	            0.0000179 	        27924.8704502 
172 	     85.500 	            0.0030642 	            0.0000179 	        27925.1317979 
173 	     86.000 	            0.0030821 	            0.0000179 	        27924.8330183 
174 	     86.500 	            0.0031000 	            0.0000179 	        27924.8817728 
175 	     87.000 	            0.0031179 	            0.0000179 	        27924.7105879 
176 	     87.500 	            0.0031358 	            0.0000179 	        27924.7540404 
177 	     88.000 	            0.0031537 	            0.0000179 	        27925.0586473 
178 	     88.500 	            0.0031716 	            0.0000179 	        27924.8674490 
179 	     89.000 	            0.0031896 	            0.0000179 	        27924.7954304 
180 	     89.500 	            0.0032075 	            0.0000179 	        27924.8396265 
181 	     90.000 	            0.0032254 	            0.0000179 	        27924.5508620 
182 	     90.500 	            0.0032432 	            0.0000179 	        27924.9716054 
183 	     91.000 	            0.0032612 	            0.0000179 	        27924.7667313 
184 	     91.500 	            0.0032791 	            0.0000179 	        27924.9260715 
185 	     92.000 	            0.0032970 	            0.0000179 	        27924.9623222 
186 	     92.500 	            0.0033149 	            0.0000180 	        27924.5664455 
187 	     93.000 	            0.0033328 	            0.0000179 	        27924.6760806 
188 	     93.500 	            0.0033507 	            0.0000179 	        27924.8382011 
189 	     94.000 	            0.0033686 	            0.0000179 	        27924.9209569 
190 	     94.500 	            0.0033865 	            0.0000179 	        27924.7743418 
191 	     95.000 	            0.0034044 	            0.0000179 	        27924.7872178 
192 	     95.500 	            0.0034223 	            0.0000179 	        27924.6689889 
193 	     96.000 	            0.0034402 	            0.0000179 	        27924.6716925 
194 	     96.500 	            0.0034581 	            0.0000179 	        27924.6809134 
195 	     97.000 	            0.0034761 	            0.0000179 	        27924.5762309 
196 	     97.500 	            0.0034940 	            0.0000179 	        27924.6337311 
197 	     98.000 	            0.0035119 	            0.0000179 	        27924.6614975 
198 	     98.500 	            0.0035298 	            0.0000179 	        27924.7573439 
199 	     99.000 	            0.0035477 	            0.0000179 	        27924.7369844 
200 	     99.500 	            0.0035656 	            0.0000179 	        27924.6545193 
201 	    100.000 	            0.0035835 	            0.0000179 	        27924.6913511 
202 	    100.500 	            0.0036014 	            0.0000179 	        27924.4994988 
203 	    101.000 	            0.0036193 	            0.0000179 	        27924.4973753 
204 	    101.500 	            0.0036372 	            0.0000179 	        27924.4912909 
205 	    102.000 	            0.0036551 	            0.0000179 	        27924.5868000 
206 	    102.500 	            0.0036730 	            0.0000179 	        27924.5119651 
207 	    103.000 	            0.0036909 	            0.0000179 	        27924.6251834 
208 	    103.500 	            0.0037089 	            0.0000179 	        27924.3050387 
209 	    104.000 	            0.0037267 	            0.0000179 	        27924.5185525 
210 	    104.500 	            0.0037446 	            0.0000179 	        27924.6211710 
211 	    105.000 	            0.0037626 	            0.0000179 	        27924.5398491 
212 	    105.500 	            0.0037805 	            0.0000179 	        27924.5116263 
213 	    106.000 	            0.0037983 	            0.0000179 	        27924.6476059 
214 	    106.500 	            0.0038163 	            0.0000179 	        27924.6485597 
215 	    107.000 	            0.0038342 	            0.0000179 	        27924.3571755 
216 	    107.500 	            0.0038521 	            0.0000179 	        27924.1329665 
217 	    108.000 	            0.0038700 	            0.0000179 	        27924.1889484 
218 	    108.500 	            0.0038879 	            0.0000179 	        27924.3445167 
219 	    109.000 	            0.0039058 	            0.0000179 	        27924.7026049 
220 	    109.500 	            0.0039237 	            0.0000180 	        27924.2220293 
221 	    110.000 	            0.0039416 	            0.0000179 	        27924.3367095 
222 	    110.500 	            0.0039596 	            0.0000179 	        27924.1741757 
223 	    111.000 	            0.0039775 	            0.0000179 	        27924.2792103 
224 	    111.500 	            0.0039954 	            0.0000179 	        27924.3246757 
225 	    112.000 	            0.0040133 	            0.0000179 	        27924.3260129 
226 	    112.500 	            0.0040312 	            0.0000179 	        27924.2132075 
227 	    113.000 	            0.0040491 	            0.0000179 	        27924.4562201 
228 	    113.500 	            0.0040670 	            0.0000180 	        27924.1487221 
229 	    114.000 	            0.0040849 	            0.0000179 	        27924.0167408 
230 	    114.500 	            0.0041028 	            0.0000179 	        27924.0173080 
231 	    115.000 	            0.0041208 	            0.0000179 	        27923.8938032 
232 	    115.500 	            0.0041387 	            0.0000179 	        27923.9731681 
233 	    116.000 	            0.0041565 	            0.0000179 	        27924.0915817 
234 	    116.500 	            0.0041745 	            0.0000179 	        27923.8236236 
235 	    117.000 	            0.0041923 	            0.0000178 	        27924.2130013 
236 	    117.500 	            0.0042103 	            0.0000180 	        27923.7501801 
237 	    118.000 	            0.0042282 	            0.0000179 	        27923.7941217 
238 	    118.500 	            0.0042461 	            0.0000179 	        27923.7249859 
239 	    119.000 	            0.0042640 	            0.0000179 	        27923.8389054 
240 	    119.500 	            0.0042819 	            0.0000179 	        27923.8624534 
241 	    120.000 	            0.0042998 	            0.0000179 	        27924.0253844 
242 	    120.500 	            0.0043177 	            0.0000179 	        27923.7813729 
243 	    121.000 	            0.0043357 	            0.0000179 	        27923.7017655 
244 	    121.500 	            0.0043536 	            0.0000179 	        27923.5136917 
245 	    122.000 	            0.0043715 	            0.0000179 	        27923.6464442 
246 	    122.500 	            0.0043894 	            0.0000179 	        27923.7011446 
247 	    123.000 	            0.0044073 	            0.0000179 	        27923.7675206 
248 	    123.500 	            0.0044252 	            0.0000180 	        27923.3355277 
249 	    124.000 	            0.0044431 	            0.0000178 	        27923.8951571 
250 	    124.500 	            0.0044610 	            0.0000180 	        27923.3863830 
251 	    125.000 	            0.0044790 	            0.0000179 	        27923.2204288 
252 	    125.500 	            0.0044969 	            0.0000179 	        27923.0750325 
253 	    126.000 	            0.0045148 	            0.0000179 	        27923.4089025 
254 	    126.500 	            0.0045327 	            0.0000179 	        27923.2648213 
255 	    127.000 	            0.0045506 	            0.0000179 	        27923.4983023 
256 	    127.500 	            0.0045685 	            0.0000179 	        27923.2673814 
257 	    128.000 	            0.0045865 	            0.0000180 	        27922.8947876 
258 	    128.500 	            0.0046043 	            0.0000179 	        27923.0651530 
259 	    129.000 	            0.0046223 	            0.0000179 	        27922.9949776 
260 	    129.500 	            0.0046402 	            0.0000179 	        27922.9889938 
261 	    130.000 	            0.0046580 	            0.0000179 	        27923.2180555 
262 	    130.500 	            0.0046760 	            0.0000180 	        27922.8873011 
263 	    131.000 	            0.0046939 	            0.0000179 	        27922.7522639 
264 	    131.500 	            0.0047118 	            0.0000179 	        27922.9149078 
265 	    132.000 	            0.0047298 	            0.0000179 	        27922.6757223 
266 	    132.500 	            0.0047476 	            0.0000179 	        27922.7774956 
267 	    133.000 	            0.0047656 	            0.0000179 	        27922.6114798 
268 	    133.500 	            0.0047834 	            0.0000179 	        27922.9013171 
269 	    134.000 	            0.0048014 	            0.0000180 	        27922.4237132 
270 	    134.500 	            0.0048193 	            0.0000178 	        27922.7661788 
271 	    135.000 	            0.0048372 	            0.0000179 	        27922.6664729 
272 	    135.500 	            0.0048552 	            0.0000180 	        27922.3295522 
273 	    136.000 	            0.0048731 	            0.0000179 	        27922.1752468 
274 	    136.500 	            0.0048911 	            0.0000180 	        27921.8028966 
275 	    137.000 	            0.0049090 	            0.0000179 	        27921.9223222 
276 	    137.500 	            0.0049268 	            0.0000178 	        27922.3702201 
277 	    138.000 	            0.0049448 	            0.0000180 	        27921.7301734 
278 	    138.500 	            0.0049627 	            0.0000179 	        27921.7528050 
279 	    139.000 	            0.0049805 	            0.0000178 	        27922.5750330 
280 	      0.000 	            0.0049985 	            0.0000180 	            0.0000000 
