# Zc 	 Nc 	 t0 (s) 	 elapsed time (s) 	 F (Hz) 
1 	      0.000 	            0.0000030 	            0.0000000 	            0.0000000 
2 	      0.500 	            0.0000210 	            0.0000179 	        27889.8590230 
3 	      1.000 	            0.0000388 	            0.0000179 	        27929.0326152 
4 	      1.500 	            0.0000567 	            0.0000179 	        27938.7512057 
5 	      2.000 	            0.0000746 	            0.0000179 	        27923.5363954 
6 	      2.500 	            0.0000926 	            0.0000179 	        27922.2490060 
7 	      3.000 	            0.0001105 	            0.0000179 	        27921.8183421 
8 	      3.500 	            0.0001283 	            0.0000179 	        27930.9636071 
9 	      4.000 	            0.0001463 	            0.0000179 	        27927.5259452 
10 	      4.500 	            0.0001641 	            0.0000179 	        27932.1149269 
11 	      5.000 	            0.0001821 	            0.0000180 	        27923.3383158 
12 	      5.500 	            0.0002000 	            0.0000179 	        27929.0055367 
13 	      6.000 	            0.0002179 	            0.0000179 	        27927.6507494 
14 	      6.500 	            0.0002358 	            0.0000179 	        27927.1775401 
15 	      7.000 	            0.0002537 	            0.0000179 	        27926.9139437 
16 	      7.500 	            0.0002716 	            0.0000179 	        27928.1468480 
17 	      8.000 	            0.0002895 	            0.0000179 	        27927.2427997 
18 	      8.500 	            0.0003074 	            0.0000179 	        27927.8365122 
19 	      9.000 	            0.0003253 	            0.0000179 	        27925.5355192 
20 	      9.500 	            0.0003432 	            0.0000179 	        27925.2806255 
21 	     10.000 	            0.0003611 	            0.0000179 	        27926.6622006 
22 	     10.500 	            0.0003790 	            0.0000179 	        27927.4550148 
23 	     11.000 	            0.0003969 	            0.0000179 	        27925.5168889 
24 	     11.500 	            0.0004148 	            0.0000179 	        27926.1655690 
25 	     12.000 	            0.0004327 	            0.0000179 	        27927.0655579 
26 	     12.500 	            0.0004506 	            0.0000179 	        27927.7469475 
27 	     13.000 	            0.0004685 	            0.0000179 	        27925.8895455 
28 	     13.500 	            0.0004864 	            0.0000179 	        27925.7377996 
29 	     14.000 	            0.0005043 	            0.0000179 	        27927.2161430 
30 	     14.500 	            0.0005223 	            0.0000179 	        27925.4073323 
31 	     15.000 	            0.0005402 	            0.0000179 	        27925.6036950 
32 	     15.500 	            0.0005581 	            0.0000179 	        27926.0510179 
33 	     16.000 	            0.0005760 	            0.0000179 	        27926.2406145 
34 	     16.500 	            0.0005939 	            0.0000179 	        27925.6216267 
35 	     17.000 	            0.0006118 	            0.0000179 	        27926.1620040 
36 	     17.500 	            0.0006297 	            0.0000179 	        27925.8286723 
37 	     18.000 	            0.0006476 	            0.0000179 	        27925.8825783 
38 	     18.500 	            0.0006655 	            0.0000179 	        27926.0293690 
39 	     19.000 	            0.0006834 	            0.0000179 	        27926.0806573 
40 	     19.500 	            0.0007013 	            0.0000179 	        27926.3983560 
41 	     20.000 	            0.0007192 	            0.0000179 	        27925.5818559 
42 	     20.500 	            0.0007371 	            0.0000179 	        27926.1067510 
43 	     21.000 	            0.0007550 	            0.0000179 	        27925.4517008 
44 	     21.500 	            0.0007729 	            0.0000179 	        27925.4405789 
45 	     22.000 	            0.0007909 	            0.0000179 	        27924.9182124 
46 	     22.500 	            0.0008087 	            0.0000179 	        27926.3154699 
47 	     23.000 	            0.0008266 	            0.0000179 	        27925.3248916 
48 	     23.500 	            0.0008446 	            0.0000179 	        27924.6912072 
49 	     24.000 	            0.0008625 	            0.0000179 	        27925.5364567 
50 	     24.500 	            0.0008803 	            0.0000179 	        27926.0187121 
51 	     25.000 	            0.0008983 	            0.0000179 	        27924.6989390 
52 	     25.500 	            0.0009162 	            0.0000179 	        27925.4198463 
53 	     26.000 	            0.0009341 	            0.0000179 	        27924.7929996 
54 	     26.500 	            0.0009520 	            0.0000179 	        27925.2740291 
55 	     27.000 	            0.0009699 	            0.0000179 	        27924.9630230 
56 	     27.500 	            0.0009878 	            0.0000179 	        27925.7283026 
57 	     28.000 	            0.0010057 	            0.0000180 	        27924.2871346 
58 	     28.500 	            0.0010236 	            0.0000179 	        27924.4756998 
59 	     29.000 	            0.0010415 	            0.0000179 	        27924.8928698 
60 	     29.500 	            0.0010594 	            0.0000179 	        27925.1296476 
61 	     30.000 	            0.0010773 	            0.0000179 	        27924.7759057 
62 	     30.500 	            0.0010952 	            0.0000179 	        27924.7605916 
63 	     31.000 	            0.0011131 	            0.0000179 	        27925.1988083 
64 	     31.500 	            0.0011310 	            0.0000179 	        27925.1368878 
65 	     32.000 	            0.0011490 	            0.0000179 	        27924.8849470 
66 	     32.500 	            0.0011668 	            0.0000179 	        27925.2389373 
67 	     33.000 	            0.0011848 	            0.0000179 	        27925.0522401 
68 	     33.500 	            0.0012027 	            0.0000179 	        27924.7309424 
69 	     34.000 	            0.0012206 	            0.0000179 	        27924.2652180 
70 	     34.500 	            0.0012385 	            0.0000179 	        27924.4990266 
71 	     35.000 	            0.0012564 	            0.0000179 	        27924.6706754 
72 	     35.500 	            0.0012743 	            0.0000179 	        27924.7615473 
73 	     36.000 	            0.0012922 	            0.0000179 	        27924.3617912 
74 	     36.500 	            0.0013101 	            0.0000179 	        27924.8082992 
75 	     37.000 	            0.0013280 	            0.0000179 	        27924.5649449 
76 	     37.500 	            0.0013459 	            0.0000179 	        27924.7183928 
77 	     38.000 	            0.0013638 	            0.0000179 	        27924.2661015 
78 	     38.500 	            0.0013817 	            0.0000179 	        27924.8016984 
79 	     39.000 	            0.0013996 	            0.0000179 	        27924.8305932 
80 	     39.500 	            0.0014175 	            0.0000179 	        27924.9106458 
81 	     40.000 	            0.0014355 	            0.0000179 	        27924.5338371 
82 	     40.500 	            0.0014534 	            0.0000179 	        27924.3410900 
83 	     41.000 	            0.0014713 	            0.0000179 	        27924.0250209 
84 	     41.500 	            0.0014892 	            0.0000179 	        27924.6127883 
85 	     42.000 	            0.0015071 	            0.0000179 	        27924.0502531 
86 	     42.500 	            0.0015250 	            0.0000179 	        27924.9135597 
87 	     43.000 	            0.0015429 	            0.0000179 	        27924.2566815 
88 	     43.500 	            0.0015608 	            0.0000179 	        27924.2128237 
89 	     44.000 	            0.0015787 	            0.0000179 	        27924.2513356 
90 	     44.500 	            0.0015966 	            0.0000179 	        27924.3877239 
91 	     45.000 	            0.0016145 	            0.0000179 	        27924.8626484 
92 	     45.500 	            0.0016324 	            0.0000179 	        27924.6639332 
93 	     46.000 	            0.0016503 	            0.0000179 	        27924.2690373 
94 	     46.500 	            0.0016682 	            0.0000179 	        27924.5427246 
95 	     47.000 	            0.0016861 	            0.0000179 	        27924.2259541 
96 	     47.500 	            0.0017040 	            0.0000179 	        27924.5028096 
97 	     48.000 	            0.0017220 	            0.0000179 	        27923.9365479 
98 	     48.500 	            0.0017398 	            0.0000179 	        27924.5737377 
99 	     49.000 	            0.0017578 	            0.0000179 	        27924.3542997 
100 	     49.500 	            0.0017757 	            0.0000179 	        27924.2747705 
101 	     50.000 	            0.0017936 	            0.0000179 	        27924.3550571 
102 	     50.500 	            0.0018115 	            0.0000179 	        27924.5053751 
103 	     51.000 	            0.0018294 	            0.0000179 	        27924.0412288 
104 	     51.500 	            0.0018473 	            0.0000179 	        27924.2405795 
105 	     52.000 	            0.0018652 	            0.0000179 	        27924.3638721 
106 	     52.500 	            0.0018831 	            0.0000179 	        27924.3303699 
107 	     53.000 	            0.0019010 	            0.0000179 	        27924.5839705 
108 	     53.500 	            0.0019189 	            0.0000179 	        27924.4916392 
109 	     54.000 	            0.0019368 	            0.0000179 	        27924.4565837 
110 	     54.500 	            0.0019547 	            0.0000179 	        27924.3645215 
111 	     55.000 	            0.0019726 	            0.0000179 	        27924.4165642 
112 	     55.500 	            0.0019905 	            0.0000179 	        27924.4587651 
113 	     56.000 	            0.0020085 	            0.0000179 	        27924.1695300 
114 	     56.500 	            0.0020263 	            0.0000179 	        27924.5681690 
115 	     57.000 	            0.0020443 	            0.0000179 	        27924.2625657 
116 	     57.500 	            0.0020622 	            0.0000179 	        27924.4457118 
117 	     58.000 	            0.0020800 	            0.0000179 	        27924.5513776 
118 	     58.500 	            0.0020980 	            0.0000179 	        27924.0927028 
119 	     59.000 	            0.0021159 	            0.0000179 	        27924.2368167 
120 	     59.500 	            0.0021338 	            0.0000179 	        27924.5126841 
121 	     60.000 	            0.0021517 	            0.0000179 	        27924.3808791 
122 	     60.500 	            0.0021696 	            0.0000179 	        27924.3403932 
123 	     61.000 	            0.0021875 	            0.0000179 	        27924.3903623 
124 	     61.500 	            0.0022054 	            0.0000179 	        27924.3062436 
125 	     62.000 	            0.0022233 	            0.0000179 	        27924.2948694 
126 	     62.500 	            0.0022412 	            0.0000179 	        27924.5283041 
127 	     63.000 	            0.0022591 	            0.0000179 	        27924.3931494 
128 	     63.500 	            0.0022770 	            0.0000179 	        27924.3624738 
129 	     64.000 	            0.0022949 	            0.0000179 	        27924.4307152 
130 	     64.500 	            0.0023128 	            0.0000179 	        27924.1984483 
131 	     65.000 	            0.0023307 	            0.0000179 	        27924.6356732 
132 	     65.500 	            0.0023487 	            0.0000179 	        27924.1388065 
133 	     66.000 	            0.0023665 	            0.0000179 	        27924.6027595 
134 	     66.500 	            0.0023845 	            0.0000179 	        27924.3813291 
135 	     67.000 	            0.0024024 	            0.0000179 	        27924.3735965 
136 	     67.500 	            0.0024202 	            0.0000179 	        27924.7180454 
137 	     68.000 	            0.0024381 	            0.0000179 	        27924.7703113 
138 	     68.500 	            0.0024561 	            0.0000179 	        27924.4331311 
139 	     69.000 	            0.0024740 	            0.0000179 	        27924.4271280 
140 	     69.500 	            0.0024919 	            0.0000179 	        27924.4879088 
141 	     70.000 	            0.0025098 	            0.0000179 	        27924.3918125 
142 	     70.500 	            0.0025277 	            0.0000179 	        27924.4948884 
143 	     71.000 	            0.0025456 	            0.0000179 	        27924.4653653 
144 	     71.500 	            0.0025635 	            0.0000179 	        27924.7678533 
145 	     72.000 	            0.0025814 	            0.0000179 	        27924.6838051 
146 	     72.500 	            0.0025993 	            0.0000179 	        27924.6892310 
147 	     73.000 	            0.0026172 	            0.0000179 	        27924.5579946 
148 	     73.500 	            0.0026351 	            0.0000179 	        27924.6250806 
149 	     74.000 	            0.0026530 	            0.0000179 	        27924.5635858 
150 	     74.500 	            0.0026709 	            0.0000179 	        27924.4772483 
151 	     75.000 	            0.0026888 	            0.0000179 	        27924.5704268 
152 	     75.500 	            0.0027067 	            0.0000179 	        27924.8970232 
153 	     76.000 	            0.0027246 	            0.0000179 	        27924.6141867 
154 	     76.500 	            0.0027425 	            0.0000179 	        27924.8870694 
155 	     77.000 	            0.0027604 	            0.0000179 	        27924.6983480 
156 	     77.500 	            0.0027784 	            0.0000179 	        27924.4405302 
157 	     78.000 	            0.0027963 	            0.0000179 	        27924.6284940 
158 	     78.500 	            0.0028142 	            0.0000179 	        27924.6688017 
159 	     79.000 	            0.0028321 	            0.0000179 	        27924.7397571 
160 	     79.500 	            0.0028500 	            0.0000179 	        27924.6687914 
161 	     80.000 	            0.0028678 	            0.0000179 	        27925.0576584 
162 	     80.500 	            0.0028858 	            0.0000180 	        27924.6038368 
163 	     81.000 	            0.0029037 	            0.0000179 	        27924.7386512 
164 	     81.500 	            0.0029216 	            0.0000179 	        27924.5471207 
165 	     82.000 	            0.0029395 	            0.0000179 	        27924.5315490 
166 	     82.500 	            0.0029574 	            0.0000179 	        27924.6401647 
167 	     83.000 	            0.0029753 	            0.0000179 	        27924.8219486 
168 	     83.500 	            0.0029932 	            0.0000179 	        27924.8083268 
169 	     84.000 	            0.0030111 	            0.0000179 	        27924.4821746 
170 	     84.500 	            0.0030290 	            0.0000179 	        27924.5105603 
171 	     85.000 	            0.0030469 	            0.0000179 	        27924.6163630 
172 	     85.500 	            0.0030648 	            0.0000179 	        27924.5904564 
173 	     86.000 	            0.0030827 	            0.0000179 	        27924.7448684 
174 	     86.500 	            0.0031007 	            0.0000179 	        27924.4707002 
175 	     87.000 	            0.0031185 	            0.0000179 	        27924.6740608 
176 	     87.500 	            0.0031365 	            0.0000179 	        27924.6574812 
177 	     88.000 	            0.0031544 	            0.0000179 	        27924.6699232 
178 	     88.500 	            0.0031723 	            0.0000179 	        27924.6428142 
179 	     89.000 	            0.0031902 	            0.0000179 	        27924.8104514 
180 	     89.500 	            0.0032081 	            0.0000179 	        27924.5747435 
181 	     90.000 	            0.0032260 	            0.0000179 	        27924.7419036 
182 	     90.500 	            0.0032438 	            0.0000179 	        27925.0146518 
183 	     91.000 	            0.0032618 	            0.0000179 	        27924.7480653 
184 	     91.500 	            0.0032797 	            0.0000179 	        27924.9183046 
185 	     92.000 	            0.0032976 	            0.0000179 	        27924.6076661 
186 	     92.500 	            0.0033155 	            0.0000179 	        27924.5910883 
187 	     93.000 	            0.0033334 	            0.0000179 	        27925.0156345 
188 	     93.500 	            0.0033513 	            0.0000180 	        27924.4939213 
189 	     94.000 	            0.0033692 	            0.0000179 	        27924.7524882 
190 	     94.500 	            0.0033871 	            0.0000179 	        27924.5368814 
191 	     95.000 	            0.0034050 	            0.0000179 	        27924.8957183 
192 	     95.500 	            0.0034229 	            0.0000179 	        27924.6796658 
193 	     96.000 	            0.0034408 	            0.0000179 	        27924.6309165 
194 	     96.500 	            0.0034588 	            0.0000179 	        27924.3591873 
195 	     97.000 	            0.0034766 	            0.0000179 	        27924.7078153 
196 	     97.500 	            0.0034945 	            0.0000179 	        27924.7843014 
197 	     98.000 	            0.0035124 	            0.0000179 	        27924.8699332 
198 	     98.500 	            0.0035304 	            0.0000180 	        27924.5051401 
199 	     99.000 	            0.0035482 	            0.0000179 	        27924.8841509 
200 	     99.500 	            0.0035662 	            0.0000179 	        27924.6000406 
201 	    100.000 	            0.0035841 	            0.0000179 	        27924.4886615 
202 	    100.500 	            0.0036020 	            0.0000179 	        27924.2659433 
203 	    101.000 	            0.0036199 	            0.0000179 	        27924.5417706 
204 	    101.500 	            0.0036378 	            0.0000179 	        27924.6610995 
205 	    102.000 	            0.0036557 	            0.0000179 	        27924.5691359 
206 	    102.500 	            0.0036736 	            0.0000179 	        27924.6352225 
207 	    103.000 	            0.0036916 	            0.0000180 	        27924.1183098 
208 	    103.500 	            0.0037094 	            0.0000178 	        27924.9710880 
209 	    104.000 	            0.0037274 	            0.0000180 	        27924.2412570 
210 	    104.500 	            0.0037453 	            0.0000179 	        27924.0791991 
211 	    105.000 	            0.0037632 	            0.0000179 	        27924.3028247 
212 	    105.500 	            0.0037811 	            0.0000179 	        27924.5311966 
213 	    106.000 	            0.0037990 	            0.0000179 	        27924.5724422 
214 	    106.500 	            0.0038169 	            0.0000179 	        27924.5503034 
215 	    107.000 	            0.0038348 	            0.0000179 	        27924.3416985 
216 	    107.500 	            0.0038527 	            0.0000179 	        27924.2387639 
217 	    108.000 	            0.0038706 	            0.0000179 	        27924.3501198 
218 	    108.500 	            0.0038886 	            0.0000180 	        27923.9625783 
219 	    109.000 	            0.0039065 	            0.0000179 	        27923.6676223 
220 	    109.500 	            0.0039243 	            0.0000178 	        27924.2407134 
221 	    110.000 	            0.0039422 	            0.0000179 	        27924.5552153 
222 	    110.500 	            0.0039602 	            0.0000180 	        27924.0769123 
223 	    111.000 	            0.0039780 	            0.0000178 	        27924.5162249 
224 	    111.500 	            0.0039959 	            0.0000179 	        27924.5615545 
225 	    112.000 	            0.0040139 	            0.0000180 	        27923.9711487 
226 	    112.500 	            0.0040319 	            0.0000180 	        27923.3129837 
227 	    113.000 	            0.0040497 	            0.0000178 	        27924.1312392 
228 	    113.500 	            0.0040677 	            0.0000180 	        27923.8233550 
229 	    114.000 	            0.0040856 	            0.0000179 	        27923.8080444 
230 	    114.500 	            0.0041034 	            0.0000179 	        27924.0307470 
231 	    115.000 	            0.0041213 	            0.0000178 	        27924.5539100 
232 	    115.500 	            0.0041392 	            0.0000180 	        27924.0149210 
233 	    116.000 	            0.0041571 	            0.0000179 	        27924.0907228 
234 	    116.500 	            0.0041751 	            0.0000179 	        27924.0307903 
235 	    117.000 	            0.0041930 	            0.0000179 	        27923.8730511 
236 	    117.500 	            0.0042109 	            0.0000179 	        27923.7607262 
237 	    118.000 	            0.0042289 	            0.0000180 	        27923.3457130 
238 	    118.500 	            0.0042467 	            0.0000178 	        27923.9388917 
239 	    119.000 	            0.0042647 	            0.0000180 	        27923.2972365 
240 	    119.500 	            0.0042826 	            0.0000179 	        27923.3857897 
241 	    120.000 	            0.0043004 	            0.0000178 	        27924.1008346 
242 	    120.500 	            0.0043183 	            0.0000180 	        27923.7392955 
243 	    121.000 	            0.0043363 	            0.0000179 	        27923.7263641 
244 	    121.500 	            0.0043541 	            0.0000178 	        27924.0895793 
245 	    122.000 	            0.0043721 	            0.0000179 	        27923.8129839 
246 	    122.500 	            0.0043900 	            0.0000179 	        27923.5807493 
247 	    123.000 	            0.0044079 	            0.0000179 	        27923.8660864 
248 	    123.500 	            0.0044258 	            0.0000180 	        27923.4456514 
249 	    124.000 	            0.0044438 	            0.0000179 	        27923.3442369 
250 	    124.500 	            0.0044617 	            0.0000180 	        27922.9930736 
251 	    125.000 	            0.0044796 	            0.0000179 	        27923.2699409 
252 	    125.500 	            0.0044975 	            0.0000179 	        27923.0580097 
253 	    126.000 	            0.0045154 	            0.0000179 	        27923.2917045 
254 	    126.500 	            0.0045332 	            0.0000179 	        27923.6225641 
255 	    127.000 	            0.0045512 	            0.0000179 	        27923.4887676 
256 	    127.500 	            0.0045692 	            0.0000180 	        27922.9675882 
257 	    128.000 	            0.0045870 	            0.0000178 	        27923.3434477 
258 	    128.500 	            0.0046050 	            0.0000180 	        27922.6212328 
259 	    129.000 	            0.0046230 	            0.0000180 	        27922.2686461 
260 	    129.500 	            0.0046409 	            0.0000179 	        27922.2618188 
261 	    130.000 	            0.0046586 	            0.0000177 	        27923.2274550 
262 	    130.500 	            0.0046766 	            0.0000179 	        27923.1054593 
263 	    131.000 	            0.0046946 	            0.0000180 	        27922.6295519 
264 	    131.500 	            0.0047124 	            0.0000178 	        27922.9778540 
265 	    132.000 	            0.0047304 	            0.0000180 	        27922.7076821 
266 	    132.500 	            0.0047483 	            0.0000180 	        27922.4237110 
267 	    133.000 	            0.0047663 	            0.0000180 	        27921.7625196 
268 	    133.500 	            0.0047840 	            0.0000177 	        27923.2613530 
269 	    134.000 	            0.0048020 	            0.0000180 	        27922.4953846 
270 	    134.500 	            0.0048198 	            0.0000178 	        27922.9935640 
271 	    135.000 	            0.0048381 	            0.0000182 	        27921.1213429 
272 	    135.500 	            0.0048557 	            0.0000177 	        27922.4911212 
273 	    136.000 	            0.0048736 	            0.0000178 	        27923.0490104 
274 	    136.500 	            0.0048916 	            0.0000180 	        27922.2780289 
275 	    137.000 	            0.0049094 	            0.0000178 	        27923.1178663 
276 	    137.500 	            0.0049275 	            0.0000181 	        27921.7641511 
277 	    138.000 	            0.0049453 	            0.0000178 	        27922.1904510 
278 	    138.500 	            0.0049633 	            0.0000180 	        27921.9381338 
279 	    139.000 	            0.0049812 	            0.0000179 	        27922.0964151 
280 	    139.500 	            0.0049991 	            0.0000179 	        27922.0890817 
