# Zc 	 Nc 	 t0 (s) 	 elapsed time (s) 	 F (Hz) 
1 	      0.000 	            0.0000137 	            0.0000000 	            0.0000000 
2 	      0.500 	            0.0000316 	            0.0000179 	        27934.1111303 
3 	      1.000 	            0.0000496 	            0.0000179 	        27926.5869421 
4 	      1.500 	            0.0000674 	            0.0000179 	        27937.6583507 
5 	      2.000 	            0.0000854 	            0.0000180 	        27909.3244424 
6 	      2.500 	            0.0001032 	            0.0000178 	        27932.0800981 
7 	      3.000 	            0.0001212 	            0.0000179 	        27923.1230536 
8 	      3.500 	            0.0001391 	            0.0000179 	        27926.3845464 
9 	      4.000 	            0.0001570 	            0.0000179 	        27922.3843307 
10 	      4.500 	            0.0001749 	            0.0000179 	        27931.6501558 
11 	      5.000 	            0.0001928 	            0.0000179 	        27926.5776678 
12 	      5.500 	            0.0002107 	            0.0000179 	        27926.4232989 
13 	      6.000 	            0.0002286 	            0.0000179 	        27926.2360388 
14 	      6.500 	            0.0002465 	            0.0000179 	        27926.3944064 
15 	      7.000 	            0.0002644 	            0.0000179 	        27927.1150355 
16 	      7.500 	            0.0002823 	            0.0000179 	        27927.0843863 
17 	      8.000 	            0.0003002 	            0.0000179 	        27925.7905402 
18 	      8.500 	            0.0003181 	            0.0000179 	        27927.5439006 
19 	      9.000 	            0.0003360 	            0.0000179 	        27924.6143634 
20 	      9.500 	            0.0003539 	            0.0000179 	        27927.5996549 
21 	     10.000 	            0.0003718 	            0.0000179 	        27927.9269736 
22 	     10.500 	            0.0003897 	            0.0000179 	        27926.4239654 
23 	     11.000 	            0.0004077 	            0.0000179 	        27924.6879847 
24 	     11.500 	            0.0004255 	            0.0000179 	        27926.4252058 
25 	     12.000 	            0.0004435 	            0.0000179 	        27925.8629114 
26 	     12.500 	            0.0004614 	            0.0000179 	        27925.7809332 
27 	     13.000 	            0.0004793 	            0.0000179 	        27925.8718366 
28 	     13.500 	            0.0004972 	            0.0000179 	        27925.7783959 
29 	     14.000 	            0.0005151 	            0.0000179 	        27925.6823140 
30 	     14.500 	            0.0005330 	            0.0000179 	        27925.5478786 
31 	     15.000 	            0.0005509 	            0.0000179 	        27924.6230594 
32 	     15.500 	            0.0005688 	            0.0000179 	        27926.7754992 
33 	     16.000 	            0.0005867 	            0.0000179 	        27926.2938928 
34 	     16.500 	            0.0006046 	            0.0000179 	        27925.2992800 
35 	     17.000 	            0.0006225 	            0.0000179 	        27925.2511913 
36 	     17.500 	            0.0006404 	            0.0000179 	        27925.3469911 
37 	     18.000 	            0.0006583 	            0.0000179 	        27925.8645919 
38 	     18.500 	            0.0006762 	            0.0000179 	        27925.6996854 
39 	     19.000 	            0.0006942 	            0.0000179 	        27924.2631906 
40 	     19.500 	            0.0007120 	            0.0000179 	        27926.3470398 
41 	     20.000 	            0.0007299 	            0.0000179 	        27925.7077206 
42 	     20.500 	            0.0007478 	            0.0000179 	        27926.5772550 
43 	     21.000 	            0.0007658 	            0.0000179 	        27925.0511349 
44 	     21.500 	            0.0007836 	            0.0000179 	        27925.8599197 
45 	     22.000 	            0.0008016 	            0.0000179 	        27924.9435073 
46 	     22.500 	            0.0008195 	            0.0000179 	        27925.1061347 
47 	     23.000 	            0.0008374 	            0.0000179 	        27925.1068832 
48 	     23.500 	            0.0008553 	            0.0000179 	        27925.2023702 
49 	     24.000 	            0.0008732 	            0.0000179 	        27925.2980911 
50 	     24.500 	            0.0008911 	            0.0000179 	        27926.2819097 
51 	     25.000 	            0.0009090 	            0.0000180 	        27924.6742607 
52 	     25.500 	            0.0009269 	            0.0000179 	        27925.4592457 
53 	     26.000 	            0.0009448 	            0.0000179 	        27924.8489772 
54 	     26.500 	            0.0009627 	            0.0000179 	        27925.4669831 
55 	     27.000 	            0.0009806 	            0.0000179 	        27924.5767630 
56 	     27.500 	            0.0009985 	            0.0000179 	        27925.6060484 
57 	     28.000 	            0.0010164 	            0.0000179 	        27924.8435630 
58 	     28.500 	            0.0010343 	            0.0000179 	        27925.0706700 
59 	     29.000 	            0.0010523 	            0.0000179 	        27924.6039419 
60 	     29.500 	            0.0010701 	            0.0000179 	        27925.0216488 
61 	     30.000 	            0.0010881 	            0.0000179 	        27924.5786765 
62 	     30.500 	            0.0011059 	            0.0000179 	        27925.3996820 
63 	     31.000 	            0.0011239 	            0.0000179 	        27924.2716193 
64 	     31.500 	            0.0011418 	            0.0000179 	        27924.4135740 
65 	     32.000 	            0.0011597 	            0.0000179 	        27924.3323943 
66 	     32.500 	            0.0011776 	            0.0000179 	        27924.6676183 
67 	     33.000 	            0.0011955 	            0.0000179 	        27924.8568478 
68 	     33.500 	            0.0012134 	            0.0000179 	        27924.0846802 
69 	     34.000 	            0.0012313 	            0.0000179 	        27924.6198688 
70 	     34.500 	            0.0012492 	            0.0000179 	        27925.1518422 
71 	     35.000 	            0.0012671 	            0.0000179 	        27924.5673285 
72 	     35.500 	            0.0012850 	            0.0000179 	        27924.4489656 
73 	     36.000 	            0.0013029 	            0.0000179 	        27924.2850191 
74 	     36.500 	            0.0013208 	            0.0000179 	        27925.0478554 
75 	     37.000 	            0.0013387 	            0.0000179 	        27924.4991899 
76 	     37.500 	            0.0013567 	            0.0000179 	        27923.8945940 
77 	     38.000 	            0.0013746 	            0.0000179 	        27924.1900141 
78 	     38.500 	            0.0013925 	            0.0000179 	        27924.6641745 
79 	     39.000 	            0.0014104 	            0.0000179 	        27924.2406119 
80 	     39.500 	            0.0014283 	            0.0000179 	        27924.2151524 
81 	     40.000 	            0.0014462 	            0.0000179 	        27923.9720077 
82 	     40.500 	            0.0014641 	            0.0000179 	        27924.5150337 
83 	     41.000 	            0.0014820 	            0.0000179 	        27924.0966206 
84 	     41.500 	            0.0014999 	            0.0000179 	        27924.4971725 
85 	     42.000 	            0.0015179 	            0.0000180 	        27923.5302604 
86 	     42.500 	            0.0015357 	            0.0000179 	        27924.4356694 
87 	     43.000 	            0.0015536 	            0.0000179 	        27924.2792546 
88 	     43.500 	            0.0015715 	            0.0000179 	        27923.9755258 
89 	     44.000 	            0.0015894 	            0.0000179 	        27924.0238582 
90 	     44.500 	            0.0016073 	            0.0000179 	        27924.4725932 
91 	     45.000 	            0.0016252 	            0.0000179 	        27924.3365925 
92 	     45.500 	            0.0016431 	            0.0000179 	        27924.3717034 
93 	     46.000 	            0.0016611 	            0.0000179 	        27924.3617998 
94 	     46.500 	            0.0016790 	            0.0000179 	        27924.4425477 
95 	     47.000 	            0.0016969 	            0.0000179 	        27924.1198670 
96 	     47.500 	            0.0017148 	            0.0000179 	        27924.1658733 
97 	     48.000 	            0.0017327 	            0.0000179 	        27924.3793363 
98 	     48.500 	            0.0017506 	            0.0000179 	        27924.1408587 
99 	     49.000 	            0.0017685 	            0.0000179 	        27924.1168143 
100 	     49.500 	            0.0017864 	            0.0000179 	        27924.3916778 
101 	     50.000 	            0.0018043 	            0.0000179 	        27924.3233162 
102 	     50.500 	            0.0018222 	            0.0000179 	        27924.2102851 
103 	     51.000 	            0.0018401 	            0.0000179 	        27923.7235564 
104 	     51.500 	            0.0018580 	            0.0000179 	        27924.3632363 
105 	     52.000 	            0.0018759 	            0.0000179 	        27924.1421226 
106 	     52.500 	            0.0018938 	            0.0000179 	        27924.2455531 
107 	     53.000 	            0.0019117 	            0.0000179 	        27924.4915820 
108 	     53.500 	            0.0019296 	            0.0000179 	        27924.6500565 
109 	     54.000 	            0.0019476 	            0.0000179 	        27924.1414689 
110 	     54.500 	            0.0019655 	            0.0000179 	        27924.2395472 
111 	     55.000 	            0.0019834 	            0.0000179 	        27924.2889226 
112 	     55.500 	            0.0020013 	            0.0000179 	        27923.9665137 
113 	     56.000 	            0.0020192 	            0.0000179 	        27924.2620018 
114 	     56.500 	            0.0020371 	            0.0000179 	        27924.2888805 
115 	     57.000 	            0.0020550 	            0.0000179 	        27924.3177470 
116 	     57.500 	            0.0020729 	            0.0000179 	        27924.3369585 
117 	     58.000 	            0.0020908 	            0.0000179 	        27924.4640861 
118 	     58.500 	            0.0021087 	            0.0000179 	        27924.2433191 
119 	     59.000 	            0.0021266 	            0.0000179 	        27924.2065484 
120 	     59.500 	            0.0021445 	            0.0000179 	        27924.3192726 
121 	     60.000 	            0.0021624 	            0.0000179 	        27924.3122621 
122 	     60.500 	            0.0021803 	            0.0000179 	        27924.2961180 
123 	     61.000 	            0.0021983 	            0.0000179 	        27923.9337536 
124 	     61.500 	            0.0022161 	            0.0000179 	        27924.6168144 
125 	     62.000 	            0.0022340 	            0.0000179 	        27924.2843462 
126 	     62.500 	            0.0022519 	            0.0000179 	        27924.1660570 
127 	     63.000 	            0.0022698 	            0.0000179 	        27924.4246067 
128 	     63.500 	            0.0022877 	            0.0000179 	        27924.5168739 
129 	     64.000 	            0.0023056 	            0.0000179 	        27924.4235635 
130 	     64.500 	            0.0023236 	            0.0000179 	        27924.2744010 
131 	     65.000 	            0.0023415 	            0.0000179 	        27924.2960942 
132 	     65.500 	            0.0023594 	            0.0000179 	        27924.4507585 
133 	     66.000 	            0.0023773 	            0.0000179 	        27924.5701487 
134 	     66.500 	            0.0023952 	            0.0000179 	        27924.1135958 
135 	     67.000 	            0.0024131 	            0.0000179 	        27924.3447454 
136 	     67.500 	            0.0024310 	            0.0000179 	        27924.4226127 
137 	     68.000 	            0.0024489 	            0.0000179 	        27924.4243938 
138 	     68.500 	            0.0024668 	            0.0000179 	        27924.3632607 
139 	     69.000 	            0.0024847 	            0.0000179 	        27924.2644000 
140 	     69.500 	            0.0025026 	            0.0000179 	        27924.4781436 
141 	     70.000 	            0.0025205 	            0.0000179 	        27924.5063642 
142 	     70.500 	            0.0025384 	            0.0000179 	        27924.6072168 
143 	     71.000 	            0.0025563 	            0.0000179 	        27924.4837347 
144 	     71.500 	            0.0025742 	            0.0000179 	        27924.2661501 
145 	     72.000 	            0.0025921 	            0.0000179 	        27924.2504869 
146 	     72.500 	            0.0026100 	            0.0000179 	        27924.7042684 
147 	     73.000 	            0.0026280 	            0.0000179 	        27924.2882548 
148 	     73.500 	            0.0026458 	            0.0000179 	        27924.6282740 
149 	     74.000 	            0.0026638 	            0.0000179 	        27924.3983381 
150 	     74.500 	            0.0026816 	            0.0000179 	        27924.6233794 
151 	     75.000 	            0.0026996 	            0.0000179 	        27924.5023372 
152 	     75.500 	            0.0027174 	            0.0000179 	        27924.7107018 
153 	     76.000 	            0.0027353 	            0.0000179 	        27924.7557954 
154 	     76.500 	            0.0027532 	            0.0000179 	        27924.8748577 
155 	     77.000 	            0.0027712 	            0.0000179 	        27924.6303080 
156 	     77.500 	            0.0027891 	            0.0000179 	        27924.5967753 
157 	     78.000 	            0.0028070 	            0.0000179 	        27924.3785437 
158 	     78.500 	            0.0028249 	            0.0000179 	        27924.6297519 
159 	     79.000 	            0.0028428 	            0.0000179 	        27924.6020604 
160 	     79.500 	            0.0028607 	            0.0000179 	        27924.6342018 
161 	     80.000 	            0.0028786 	            0.0000179 	        27924.5220549 
162 	     80.500 	            0.0028965 	            0.0000179 	        27924.6600012 
163 	     81.000 	            0.0029144 	            0.0000179 	        27924.6796204 
164 	     81.500 	            0.0029324 	            0.0000180 	        27924.0375558 
165 	     82.000 	            0.0029502 	            0.0000178 	        27924.7053744 
166 	     82.500 	            0.0029681 	            0.0000179 	        27924.9190577 
167 	     83.000 	            0.0029860 	            0.0000179 	        27924.6690602 
168 	     83.500 	            0.0030039 	            0.0000179 	        27924.7123676 
169 	     84.000 	            0.0030218 	            0.0000179 	        27924.6369503 
170 	     84.500 	            0.0030397 	            0.0000179 	        27924.6219102 
171 	     85.000 	            0.0030577 	            0.0000179 	        27924.4399772 
172 	     85.500 	            0.0030756 	            0.0000179 	        27924.4682760 
173 	     86.000 	            0.0030935 	            0.0000179 	        27924.7062880 
174 	     86.500 	            0.0031114 	            0.0000179 	        27924.7183210 
175 	     87.000 	            0.0031293 	            0.0000179 	        27924.7707783 
176 	     87.500 	            0.0031472 	            0.0000179 	        27924.3842057 
177 	     88.000 	            0.0031651 	            0.0000179 	        27924.6066241 
178 	     88.500 	            0.0031830 	            0.0000179 	        27924.5624635 
179 	     89.000 	            0.0032009 	            0.0000179 	        27924.8241483 
180 	     89.500 	            0.0032188 	            0.0000179 	        27924.7747036 
181 	     90.000 	            0.0032367 	            0.0000179 	        27924.8561233 
182 	     90.500 	            0.0032546 	            0.0000179 	        27924.5389130 
183 	     91.000 	            0.0032725 	            0.0000179 	        27924.5799077 
184 	     91.500 	            0.0032904 	            0.0000179 	        27924.8377418 
185 	     92.000 	            0.0033083 	            0.0000179 	        27924.8900596 
186 	     92.500 	            0.0033262 	            0.0000179 	        27924.6184471 
187 	     93.000 	            0.0033441 	            0.0000179 	        27924.9535892 
188 	     93.500 	            0.0033621 	            0.0000180 	        27924.4124393 
189 	     94.000 	            0.0033800 	            0.0000179 	        27924.4573482 
190 	     94.500 	            0.0033978 	            0.0000179 	        27924.6966239 
191 	     95.000 	            0.0034157 	            0.0000179 	        27925.0904234 
192 	     95.500 	            0.0034337 	            0.0000180 	        27924.5104962 
193 	     96.000 	            0.0034516 	            0.0000179 	        27924.5949702 
194 	     96.500 	            0.0034695 	            0.0000179 	        27924.6035407 
195 	     97.000 	            0.0034874 	            0.0000179 	        27924.5792557 
196 	     97.500 	            0.0035053 	            0.0000179 	        27924.6944297 
197 	     98.000 	            0.0035232 	            0.0000179 	        27924.9301236 
198 	     98.500 	            0.0035411 	            0.0000180 	        27924.4410275 
199 	     99.000 	            0.0035590 	            0.0000178 	        27924.9709011 
200 	     99.500 	            0.0035770 	            0.0000180 	        27924.1627016 
201 	    100.000 	            0.0035949 	            0.0000179 	        27924.2306941 
202 	    100.500 	            0.0036127 	            0.0000178 	        27924.6747544 
203 	    101.000 	            0.0036307 	            0.0000180 	        27923.9482083 
204 	    101.500 	            0.0036486 	            0.0000178 	        27924.4553506 
205 	    102.000 	            0.0036665 	            0.0000179 	        27924.4071858 
206 	    102.500 	            0.0036844 	            0.0000180 	        27923.9530023 
207 	    103.000 	            0.0037022 	            0.0000178 	        27925.0665541 
208 	    103.500 	            0.0037202 	            0.0000180 	        27924.2187818 
209 	    104.000 	            0.0037381 	            0.0000179 	        27924.0034964 
210 	    104.500 	            0.0037560 	            0.0000179 	        27924.3578757 
211 	    105.000 	            0.0037739 	            0.0000179 	        27924.6369242 
212 	    105.500 	            0.0037919 	            0.0000180 	        27924.0334808 
213 	    106.000 	            0.0038097 	            0.0000178 	        27924.4547547 
214 	    106.500 	            0.0038277 	            0.0000180 	        27924.1176944 
215 	    107.000 	            0.0038455 	            0.0000179 	        27924.2397069 
216 	    107.500 	            0.0038635 	            0.0000179 	        27924.0989285 
217 	    108.000 	            0.0038814 	            0.0000179 	        27924.1156416 
218 	    108.500 	            0.0038993 	            0.0000179 	        27924.1539913 
219 	    109.000 	            0.0039172 	            0.0000179 	        27924.2597510 
220 	    109.500 	            0.0039351 	            0.0000179 	        27924.2994371 
221 	    110.000 	            0.0039530 	            0.0000179 	        27924.2455369 
222 	    110.500 	            0.0039710 	            0.0000180 	        27923.3174861 
223 	    111.000 	            0.0039888 	            0.0000178 	        27923.9675446 
224 	    111.500 	            0.0040068 	            0.0000179 	        27923.7762949 
225 	    112.000 	            0.0040246 	            0.0000179 	        27924.1191007 
226 	    112.500 	            0.0040426 	            0.0000180 	        27923.7709833 
227 	    113.000 	            0.0040604 	            0.0000178 	        27924.3391472 
228 	    113.500 	            0.0040784 	            0.0000180 	        27923.4501942 
229 	    114.000 	            0.0040962 	            0.0000177 	        27924.5836015 
230 	    114.500 	            0.0041142 	            0.0000180 	        27923.7215095 
231 	    115.000 	            0.0041320 	            0.0000178 	        27924.2266659 
232 	    115.500 	            0.0041500 	            0.0000180 	        27923.8351235 
233 	    116.000 	            0.0041679 	            0.0000179 	        27923.7500432 
234 	    116.500 	            0.0041858 	            0.0000179 	        27923.6012692 
235 	    117.000 	            0.0042037 	            0.0000179 	        27923.9443010 
236 	    117.500 	            0.0042217 	            0.0000180 	        27923.6112500 
237 	    118.000 	            0.0042395 	            0.0000179 	        27923.6726970 
238 	    118.500 	            0.0042575 	            0.0000179 	        27923.6472275 
239 	    119.000 	            0.0042754 	            0.0000179 	        27923.6960539 
240 	    119.500 	            0.0042932 	            0.0000178 	        27924.3954900 
241 	    120.000 	            0.0043113 	            0.0000181 	        27923.0003910 
242 	    120.500 	            0.0043291 	            0.0000178 	        27923.6838989 
243 	    121.000 	            0.0043470 	            0.0000179 	        27923.4165201 
244 	    121.500 	            0.0043650 	            0.0000179 	        27923.1702538 
245 	    122.000 	            0.0043829 	            0.0000179 	        27922.9620653 
246 	    122.500 	            0.0044007 	            0.0000178 	        27923.6347052 
247 	    123.000 	            0.0044187 	            0.0000180 	        27923.1946291 
248 	    123.500 	            0.0044366 	            0.0000179 	        27923.0401939 
249 	    124.000 	            0.0044545 	            0.0000179 	        27923.2712315 
250 	    124.500 	            0.0044724 	            0.0000179 	        27923.1837549 
251 	    125.000 	            0.0044904 	            0.0000180 	        27922.5920057 
252 	    125.500 	            0.0045082 	            0.0000178 	        27923.2250846 
253 	    126.000 	            0.0045262 	            0.0000179 	        27922.9689038 
254 	    126.500 	            0.0045440 	            0.0000179 	        27923.1244489 
255 	    127.000 	            0.0045621 	            0.0000181 	        27921.9484860 
256 	    127.500 	            0.0045799 	            0.0000178 	        27922.8264995 
257 	    128.000 	            0.0045978 	            0.0000179 	        27922.7617408 
258 	    128.500 	            0.0046157 	            0.0000179 	        27922.8282194 
259 	    129.000 	            0.0046337 	            0.0000180 	        27922.3431301 
260 	    129.500 	            0.0046514 	            0.0000177 	        27923.4885217 
261 	    130.000 	            0.0046695 	            0.0000180 	        27922.6367925 
262 	    130.500 	            0.0046874 	            0.0000179 	        27922.7255582 
263 	    131.000 	            0.0047051 	            0.0000178 	        27923.4676969 
264 	    131.500 	            0.0047233 	            0.0000181 	        27922.1318075 
265 	    132.000 	            0.0047411 	            0.0000178 	        27922.7225430 
266 	    132.500 	            0.0047589 	            0.0000178 	        27923.3092891 
267 	    133.000 	            0.0047769 	            0.0000181 	        27922.4518873 
268 	    133.500 	            0.0047947 	            0.0000178 	        27923.2256466 
269 	    134.000 	            0.0048128 	            0.0000181 	        27922.3602720 
270 	    134.500 	            0.0048305 	            0.0000178 	        27923.1247682 
271 	    135.000 	            0.0048485 	            0.0000180 	        27922.7954785 
272 	    135.500 	            0.0048664 	            0.0000179 	        27922.6546506 
273 	    136.000 	            0.0048844 	            0.0000180 	        27922.3453156 
274 	    136.500 	            0.0049025 	            0.0000181 	        27921.4242420 
275 	    137.000 	            0.0049203 	            0.0000178 	        27921.8404349 
276 	    137.500 	            0.0049382 	            0.0000179 	        27922.0965554 
277 	    138.000 	            0.0049560 	            0.0000178 	        27922.7324304 
278 	    138.500 	            0.0049740 	            0.0000180 	        27922.1688930 
279 	    139.000 	            0.0049919 	            0.0000180 	        27921.7180890 
