# Zc 	 Nc 	 t0 (s) 	 elapsed time (s) 	 F (Hz) 
1 	      0.000 	            0.0000023 	            0.0000000 	            0.0000000 
2 	      0.500 	            0.0000203 	            0.0000179 	        27882.3997433 
3 	      1.000 	            0.0000382 	            0.0000179 	        27922.0811246 
4 	      1.500 	            0.0000561 	            0.0000180 	        27899.7182640 
5 	      2.000 	            0.0000740 	            0.0000179 	        27911.3623535 
6 	      2.500 	            0.0000919 	            0.0000179 	        27921.0940564 
7 	      3.000 	            0.0001098 	            0.0000179 	        27921.1303089 
8 	      3.500 	            0.0001277 	            0.0000179 	        27920.1634915 
9 	      4.000 	            0.0001456 	            0.0000179 	        27924.6624526 
10 	      4.500 	            0.0001635 	            0.0000179 	        27924.2536295 
11 	      5.000 	            0.0001814 	            0.0000179 	        27928.1204476 
12 	      5.500 	            0.0001993 	            0.0000179 	        27923.0039339 
13 	      6.000 	            0.0002172 	            0.0000179 	        27922.9924070 
14 	      6.500 	            0.0002351 	            0.0000179 	        27922.7337199 
15 	      7.000 	            0.0002530 	            0.0000179 	        27923.7085155 
16 	      7.500 	            0.0002709 	            0.0000179 	        27925.4125756 
17 	      8.000 	            0.0002888 	            0.0000179 	        27924.6221285 
18 	      8.500 	            0.0003067 	            0.0000179 	        27924.2824545 
19 	      9.000 	            0.0003246 	            0.0000179 	        27925.3051572 
20 	      9.500 	            0.0003425 	            0.0000179 	        27924.7131975 
21 	     10.000 	            0.0003605 	            0.0000179 	        27923.6698663 
22 	     10.500 	            0.0003784 	            0.0000179 	        27923.5355642 
23 	     11.000 	            0.0003963 	            0.0000179 	        27923.6345811 
24 	     11.500 	            0.0004142 	            0.0000179 	        27924.3461062 
25 	     12.000 	            0.0004321 	            0.0000179 	        27924.4397056 
26 	     12.500 	            0.0004500 	            0.0000179 	        27923.7852020 
27 	     13.000 	            0.0004679 	            0.0000179 	        27924.5009372 
28 	     13.500 	            0.0004858 	            0.0000179 	        27925.3535161 
29 	     14.000 	            0.0005037 	            0.0000179 	        27924.6182811 
30 	     14.500 	            0.0005216 	            0.0000179 	        27925.2434112 
31 	     15.000 	            0.0005395 	            0.0000179 	        27925.0581040 
32 	     15.500 	            0.0005574 	            0.0000179 	        27923.4816297 
33 	     16.000 	            0.0005753 	            0.0000179 	        27924.8730921 
34 	     16.500 	            0.0005932 	            0.0000179 	        27925.3042448 
35 	     17.000 	            0.0006111 	            0.0000179 	        27926.9456338 
36 	     17.500 	            0.0006290 	            0.0000180 	        27924.2050486 
37 	     18.000 	            0.0006469 	            0.0000179 	        27925.2258477 
38 	     18.500 	            0.0006648 	            0.0000179 	        27925.0011289 
39 	     19.000 	            0.0006827 	            0.0000179 	        27925.0272477 
40 	     19.500 	            0.0007006 	            0.0000179 	        27925.0027053 
41 	     20.000 	            0.0007185 	            0.0000179 	        27925.5091759 
42 	     20.500 	            0.0007365 	            0.0000179 	        27924.0516209 
43 	     21.000 	            0.0007543 	            0.0000179 	        27925.9975804 
44 	     21.500 	            0.0007723 	            0.0000180 	        27923.8733638 
45 	     22.000 	            0.0007902 	            0.0000179 	        27923.8179790 
46 	     22.500 	            0.0008081 	            0.0000179 	        27924.8063486 
47 	     23.000 	            0.0008260 	            0.0000179 	        27924.9583333 
48 	     23.500 	            0.0008439 	            0.0000179 	        27924.5770806 
49 	     24.000 	            0.0008618 	            0.0000179 	        27924.3850265 
50 	     24.500 	            0.0008797 	            0.0000179 	        27924.8049404 
51 	     25.000 	            0.0008976 	            0.0000179 	        27924.6916008 
52 	     25.500 	            0.0009155 	            0.0000179 	        27924.5841835 
53 	     26.000 	            0.0009334 	            0.0000179 	        27924.3163421 
54 	     26.500 	            0.0009513 	            0.0000179 	        27923.9130000 
55 	     27.000 	            0.0009692 	            0.0000179 	        27924.2675543 
56 	     27.500 	            0.0009872 	            0.0000179 	        27923.7861401 
57 	     28.000 	            0.0010051 	            0.0000179 	        27924.2613261 
58 	     28.500 	            0.0010230 	            0.0000179 	        27924.2129550 
59 	     29.000 	            0.0010409 	            0.0000179 	        27924.1093047 
60 	     29.500 	            0.0010588 	            0.0000179 	        27923.9881633 
61 	     30.000 	            0.0010767 	            0.0000179 	        27924.2482017 
62 	     30.500 	            0.0010946 	            0.0000179 	        27923.5706953 
63 	     31.000 	            0.0011125 	            0.0000179 	        27924.2382022 
64 	     31.500 	            0.0011304 	            0.0000179 	        27923.3740889 
65 	     32.000 	            0.0011483 	            0.0000179 	        27924.2740482 
66 	     32.500 	            0.0011662 	            0.0000179 	        27924.4943248 
67 	     33.000 	            0.0011841 	            0.0000179 	        27924.3689110 
68 	     33.500 	            0.0012020 	            0.0000179 	        27924.0995128 
69 	     34.000 	            0.0012199 	            0.0000179 	        27924.4976527 
70 	     34.500 	            0.0012378 	            0.0000179 	        27923.9207298 
71 	     35.000 	            0.0012557 	            0.0000179 	        27923.9983543 
72 	     35.500 	            0.0012737 	            0.0000179 	        27923.7559066 
73 	     36.000 	            0.0012915 	            0.0000179 	        27924.0786358 
74 	     36.500 	            0.0013094 	            0.0000179 	        27924.1954012 
75 	     37.000 	            0.0013274 	            0.0000179 	        27923.9479362 
76 	     37.500 	            0.0013453 	            0.0000179 	        27923.8936840 
77 	     38.000 	            0.0013632 	            0.0000179 	        27924.2010040 
78 	     38.500 	            0.0013811 	            0.0000179 	        27924.1303464 
79 	     39.000 	            0.0013990 	            0.0000179 	        27924.2494845 
80 	     39.500 	            0.0014169 	            0.0000179 	        27923.8406892 
81 	     40.000 	            0.0014348 	            0.0000179 	        27923.9209957 
82 	     40.500 	            0.0014527 	            0.0000179 	        27923.6372360 
83 	     41.000 	            0.0014706 	            0.0000179 	        27924.0970302 
84 	     41.500 	            0.0014885 	            0.0000179 	        27924.0733961 
85 	     42.000 	            0.0015064 	            0.0000179 	        27923.9736377 
86 	     42.500 	            0.0015243 	            0.0000179 	        27924.0035234 
87 	     43.000 	            0.0015422 	            0.0000179 	        27924.3339645 
88 	     43.500 	            0.0015602 	            0.0000179 	        27923.6759393 
89 	     44.000 	            0.0015780 	            0.0000179 	        27924.0343311 
90 	     44.500 	            0.0015960 	            0.0000179 	        27923.7219301 
91 	     45.000 	            0.0016139 	            0.0000179 	        27924.0991876 
92 	     45.500 	            0.0016318 	            0.0000179 	        27924.0276395 
93 	     46.000 	            0.0016496 	            0.0000179 	        27924.4473055 
94 	     46.500 	            0.0016676 	            0.0000179 	        27924.2014869 
95 	     47.000 	            0.0016855 	            0.0000180 	        27923.0825653 
96 	     47.500 	            0.0017034 	            0.0000179 	        27923.4881287 
97 	     48.000 	            0.0017213 	            0.0000179 	        27923.9281759 
98 	     48.500 	            0.0017392 	            0.0000179 	        27923.6817694 
99 	     49.000 	            0.0017571 	            0.0000179 	        27924.0969603 
100 	     49.500 	            0.0017750 	            0.0000179 	        27923.9304488 
101 	     50.000 	            0.0017929 	            0.0000179 	        27923.8707874 
102 	     50.500 	            0.0018108 	            0.0000179 	        27923.6698373 
103 	     51.000 	            0.0018287 	            0.0000179 	        27923.8344962 
104 	     51.500 	            0.0018466 	            0.0000179 	        27923.9699027 
105 	     52.000 	            0.0018645 	            0.0000179 	        27924.0919936 
106 	     52.500 	            0.0018825 	            0.0000179 	        27923.7617677 
107 	     53.000 	            0.0019003 	            0.0000179 	        27924.1186381 
108 	     53.500 	            0.0019183 	            0.0000179 	        27923.6844607 
109 	     54.000 	            0.0019362 	            0.0000179 	        27923.9324282 
110 	     54.500 	            0.0019541 	            0.0000179 	        27923.8675622 
111 	     55.000 	            0.0019720 	            0.0000179 	        27924.0961439 
112 	     55.500 	            0.0019899 	            0.0000179 	        27923.8149394 
113 	     56.000 	            0.0020077 	            0.0000179 	        27924.5173805 
114 	     56.500 	            0.0020257 	            0.0000179 	        27923.9584136 
115 	     57.000 	            0.0020436 	            0.0000179 	        27924.2336398 
116 	     57.500 	            0.0020615 	            0.0000179 	        27923.7617283 
117 	     58.000 	            0.0020794 	            0.0000179 	        27923.8916800 
118 	     58.500 	            0.0020973 	            0.0000179 	        27923.9196423 
119 	     59.000 	            0.0021152 	            0.0000179 	        27924.1623650 
120 	     59.500 	            0.0021331 	            0.0000179 	        27923.9245233 
121 	     60.000 	            0.0021510 	            0.0000179 	        27924.4984395 
122 	     60.500 	            0.0021690 	            0.0000180 	        27923.7528792 
123 	     61.000 	            0.0021868 	            0.0000179 	        27923.9517380 
124 	     61.500 	            0.0022047 	            0.0000179 	        27924.0098508 
125 	     62.000 	            0.0022226 	            0.0000179 	        27924.2211574 
126 	     62.500 	            0.0022406 	            0.0000179 	        27923.9646407 
127 	     63.000 	            0.0022584 	            0.0000179 	        27924.1717510 
128 	     63.500 	            0.0022764 	            0.0000179 	        27923.9915830 
129 	     64.000 	            0.0022942 	            0.0000179 	        27924.3410503 
130 	     64.500 	            0.0023122 	            0.0000179 	        27924.0629738 
131 	     65.000 	            0.0023301 	            0.0000179 	        27923.8131557 
132 	     65.500 	            0.0023480 	            0.0000179 	        27924.1326341 
133 	     66.000 	            0.0023659 	            0.0000179 	        27924.0895602 
134 	     66.500 	            0.0023838 	            0.0000179 	        27924.1458014 
135 	     67.000 	            0.0024017 	            0.0000179 	        27924.1543054 
136 	     67.500 	            0.0024196 	            0.0000179 	        27924.0437402 
137 	     68.000 	            0.0024375 	            0.0000179 	        27924.0708858 
138 	     68.500 	            0.0024554 	            0.0000179 	        27924.0012999 
139 	     69.000 	            0.0024733 	            0.0000179 	        27924.1634325 
140 	     69.500 	            0.0024912 	            0.0000179 	        27924.2763305 
141 	     70.000 	            0.0025091 	            0.0000179 	        27924.4874715 
142 	     70.500 	            0.0025270 	            0.0000179 	        27924.3629704 
143 	     71.000 	            0.0025449 	            0.0000179 	        27924.3341495 
144 	     71.500 	            0.0025628 	            0.0000179 	        27924.4230015 
145 	     72.000 	            0.0025808 	            0.0000179 	        27924.1541064 
146 	     72.500 	            0.0025986 	            0.0000179 	        27924.3146350 
147 	     73.000 	            0.0026165 	            0.0000179 	        27924.3544238 
148 	     73.500 	            0.0026344 	            0.0000179 	        27924.4785417 
149 	     74.000 	            0.0026524 	            0.0000179 	        27924.2017244 
150 	     74.500 	            0.0026703 	            0.0000179 	        27924.3432593 
151 	     75.000 	            0.0026882 	            0.0000179 	        27924.2619605 
152 	     75.500 	            0.0027061 	            0.0000179 	        27924.2870472 
153 	     76.000 	            0.0027240 	            0.0000179 	        27924.1676833 
154 	     76.500 	            0.0027419 	            0.0000179 	        27924.2476384 
155 	     77.000 	            0.0027598 	            0.0000179 	        27924.3785490 
156 	     77.500 	            0.0027777 	            0.0000179 	        27924.3858984 
157 	     78.000 	            0.0027956 	            0.0000179 	        27924.3334078 
158 	     78.500 	            0.0028135 	            0.0000179 	        27924.3871185 
159 	     79.000 	            0.0028314 	            0.0000179 	        27924.4386524 
160 	     79.500 	            0.0028493 	            0.0000179 	        27924.0435444 
161 	     80.000 	            0.0028672 	            0.0000179 	        27924.1842176 
162 	     80.500 	            0.0028851 	            0.0000179 	        27924.4208166 
163 	     81.000 	            0.0029030 	            0.0000179 	        27924.3073229 
164 	     81.500 	            0.0029209 	            0.0000179 	        27924.3161911 
165 	     82.000 	            0.0029388 	            0.0000179 	        27924.7513019 
166 	     82.500 	            0.0029567 	            0.0000179 	        27924.4744094 
167 	     83.000 	            0.0029746 	            0.0000179 	        27924.4669977 
168 	     83.500 	            0.0029925 	            0.0000179 	        27924.8095497 
169 	     84.000 	            0.0030104 	            0.0000179 	        27924.5726557 
170 	     84.500 	            0.0030283 	            0.0000179 	        27924.5945662 
171 	     85.000 	            0.0030463 	            0.0000179 	        27924.5991882 
172 	     85.500 	            0.0030642 	            0.0000179 	        27924.1969262 
173 	     86.000 	            0.0030821 	            0.0000179 	        27924.5214106 
174 	     86.500 	            0.0031000 	            0.0000179 	        27924.5866644 
175 	     87.000 	            0.0031179 	            0.0000179 	        27924.7168409 
176 	     87.500 	            0.0031358 	            0.0000179 	        27924.3741477 
177 	     88.000 	            0.0031537 	            0.0000179 	        27924.6393578 
178 	     88.500 	            0.0031716 	            0.0000179 	        27924.7467837 
179 	     89.000 	            0.0031895 	            0.0000179 	        27924.4932593 
180 	     89.500 	            0.0032074 	            0.0000179 	        27924.6908790 
181 	     90.000 	            0.0032253 	            0.0000179 	        27924.3924014 
182 	     90.500 	            0.0032432 	            0.0000179 	        27924.5803366 
183 	     91.000 	            0.0032611 	            0.0000179 	        27924.3616395 
184 	     91.500 	            0.0032790 	            0.0000179 	        27924.6336181 
185 	     92.000 	            0.0032969 	            0.0000179 	        27924.4851707 
186 	     92.500 	            0.0033149 	            0.0000179 	        27924.1154546 
187 	     93.000 	            0.0033328 	            0.0000179 	        27924.4626352 
188 	     93.500 	            0.0033507 	            0.0000179 	        27924.3203450 
189 	     94.000 	            0.0033686 	            0.0000179 	        27924.3809454 
190 	     94.500 	            0.0033865 	            0.0000179 	        27924.4401293 
191 	     95.000 	            0.0034044 	            0.0000179 	        27924.5067120 
192 	     95.500 	            0.0034223 	            0.0000179 	        27924.5477066 
193 	     96.000 	            0.0034402 	            0.0000179 	        27924.4530829 
194 	     96.500 	            0.0034581 	            0.0000179 	        27924.7635201 
195 	     97.000 	            0.0034760 	            0.0000179 	        27924.6251680 
196 	     97.500 	            0.0034939 	            0.0000179 	        27924.2720135 
197 	     98.000 	            0.0035118 	            0.0000179 	        27924.4208214 
198 	     98.500 	            0.0035297 	            0.0000179 	        27924.5876578 
199 	     99.000 	            0.0035477 	            0.0000180 	        27923.8526004 
200 	     99.500 	            0.0035655 	            0.0000178 	        27924.4097918 
201 	    100.000 	            0.0035834 	            0.0000179 	        27924.4644031 
202 	    100.500 	            0.0036014 	            0.0000179 	        27924.2950483 
203 	    101.000 	            0.0036193 	            0.0000179 	        27924.2257609 
204 	    101.500 	            0.0036372 	            0.0000180 	        27923.7828256 
205 	    102.000 	            0.0036550 	            0.0000178 	        27924.6175843 
206 	    102.500 	            0.0036730 	            0.0000180 	        27924.1519544 
207 	    103.000 	            0.0036909 	            0.0000179 	        27924.3587025 
208 	    103.500 	            0.0037088 	            0.0000179 	        27924.4390771 
209 	    104.000 	            0.0037267 	            0.0000180 	        27923.9660551 
210 	    104.500 	            0.0037446 	            0.0000179 	        27923.9632122 
211 	    105.000 	            0.0037625 	            0.0000179 	        27924.0673377 
212 	    105.500 	            0.0037804 	            0.0000178 	        27924.7039335 
213 	    106.000 	            0.0037984 	            0.0000180 	        27923.8716767 
214 	    106.500 	            0.0038162 	            0.0000178 	        27924.4790901 
215 	    107.000 	            0.0038341 	            0.0000179 	        27924.1661209 
216 	    107.500 	            0.0038519 	            0.0000178 	        27924.9461464 
217 	    108.000 	            0.0038700 	            0.0000181 	        27923.8027712 
218 	    108.500 	            0.0038879 	            0.0000179 	        27923.7004565 
219 	    109.000 	            0.0039058 	            0.0000178 	        27924.1056218 
220 	    109.500 	            0.0039237 	            0.0000179 	        27924.1112405 
221 	    110.000 	            0.0039416 	            0.0000179 	        27924.1329350 
222 	    110.500 	            0.0039595 	            0.0000180 	        27923.8186473 
223 	    111.000 	            0.0039775 	            0.0000179 	        27923.6153542 
224 	    111.500 	            0.0039954 	            0.0000179 	        27923.4716046 
225 	    112.000 	            0.0040132 	            0.0000178 	        27923.9705732 
226 	    112.500 	            0.0040312 	            0.0000179 	        27923.8648993 
227 	    113.000 	            0.0040491 	            0.0000179 	        27923.5603671 
228 	    113.500 	            0.0040670 	            0.0000179 	        27923.9212712 
229 	    114.000 	            0.0040849 	            0.0000179 	        27923.8628004 
230 	    114.500 	            0.0041028 	            0.0000180 	        27923.5244350 
231 	    115.000 	            0.0041207 	            0.0000179 	        27923.4966555 
232 	    115.500 	            0.0041387 	            0.0000179 	        27923.4108609 
233 	    116.000 	            0.0041565 	            0.0000178 	        27923.8253846 
234 	    116.500 	            0.0041744 	            0.0000179 	        27923.5409233 
235 	    117.000 	            0.0041924 	            0.0000180 	        27923.1712299 
236 	    117.500 	            0.0042102 	            0.0000178 	        27923.6404215 
237 	    118.000 	            0.0042282 	            0.0000180 	        27923.1308248 
238 	    118.500 	            0.0042460 	            0.0000177 	        27924.2228070 
239 	    119.000 	            0.0042640 	            0.0000181 	        27923.0624425 
240 	    119.500 	            0.0042819 	            0.0000179 	        27923.3867741 
241 	    120.000 	            0.0042998 	            0.0000179 	        27923.2675375 
242 	    120.500 	            0.0043178 	            0.0000179 	        27923.0117943 
243 	    121.000 	            0.0043357 	            0.0000179 	        27922.9300662 
244 	    121.500 	            0.0043535 	            0.0000179 	        27923.2912482 
245 	    122.000 	            0.0043714 	            0.0000179 	        27923.5133146 
246 	    122.500 	            0.0043893 	            0.0000179 	        27923.4129319 
247 	    123.000 	            0.0044073 	            0.0000180 	        27923.0236731 
248 	    123.500 	            0.0044251 	            0.0000178 	        27923.6494694 
249 	    124.000 	            0.0044431 	            0.0000180 	        27922.9315964 
250 	    124.500 	            0.0044610 	            0.0000178 	        27923.3488632 
251 	    125.000 	            0.0044790 	            0.0000180 	        27922.7552088 
252 	    125.500 	            0.0044968 	            0.0000178 	        27923.1610219 
253 	    126.000 	            0.0045149 	            0.0000180 	        27922.3545676 
254 	    126.500 	            0.0045326 	            0.0000178 	        27923.0685202 
255 	    127.000 	            0.0045506 	            0.0000180 	        27922.6690879 
256 	    127.500 	            0.0045685 	            0.0000179 	        27922.6867677 
257 	    128.000 	            0.0045864 	            0.0000179 	        27922.8083492 
258 	    128.500 	            0.0046044 	            0.0000180 	        27922.3342584 
259 	    129.000 	            0.0046222 	            0.0000178 	        27922.7416440 
260 	    129.500 	            0.0046402 	            0.0000179 	        27922.5658606 
261 	    130.000 	            0.0046581 	            0.0000179 	        27922.6849966 
262 	    130.500 	            0.0046759 	            0.0000178 	        27923.0515458 
263 	    131.000 	            0.0046938 	            0.0000179 	        27923.1280160 
264 	    131.500 	            0.0047118 	            0.0000180 	        27922.6768744 
265 	    132.000 	            0.0047299 	            0.0000182 	        27921.1208075 
266 	    132.500 	            0.0047476 	            0.0000177 	        27922.5408955 
267 	    133.000 	            0.0047656 	            0.0000180 	        27922.1730139 
268 	    133.500 	            0.0047834 	            0.0000178 	        27922.7436609 
269 	    134.000 	            0.0048014 	            0.0000181 	        27921.8606208 
270 	    134.500 	            0.0048193 	            0.0000178 	        27922.1986863 
271 	    135.000 	            0.0048371 	            0.0000178 	        27922.8078431 
272 	    135.500 	            0.0048552 	            0.0000181 	        27921.6621276 
273 	    136.000 	            0.0048733 	            0.0000181 	        27920.8274940 
274 	    136.500 	            0.0048910 	            0.0000178 	        27921.5444370 
275 	    137.000 	            0.0049089 	            0.0000178 	        27922.0468067 
276 	    137.500 	            0.0049269 	            0.0000180 	        27921.5078828 
277 	    138.000 	            0.0049446 	            0.0000178 	        27922.1764967 
278 	    138.500 	            0.0049628 	            0.0000181 	        27921.0284364 
279 	    139.000 	            0.0049805 	            0.0000177 	        27922.0290250 
280 	    139.500 	            0.0049986 	            0.0000181 	        27921.0317690 
