# Zc 	 Nc 	 t0 (s) 	 elapsed time (s) 	 F (Hz) 
1 	      0.000 	            0.0000120 	            0.0000000 	            0.0000000 
2 	      0.500 	            0.0000300 	            0.0000179 	        27916.0888832 
3 	      1.000 	            0.0000478 	            0.0000179 	        27926.6274469 
4 	      1.500 	            0.0000658 	            0.0000179 	        27921.0720549 
5 	      2.000 	            0.0000837 	            0.0000179 	        27924.3819995 
6 	      2.500 	            0.0001016 	            0.0000179 	        27922.5198253 
7 	      3.000 	            0.0001195 	            0.0000179 	        27922.9846809 
8 	      3.500 	            0.0001374 	            0.0000179 	        27925.4974272 
9 	      4.000 	            0.0001553 	            0.0000179 	        27924.4605912 
10 	      4.500 	            0.0001732 	            0.0000179 	        27927.8006025 
11 	      5.000 	            0.0001911 	            0.0000179 	        27926.2864664 
12 	      5.500 	            0.0002090 	            0.0000179 	        27926.7044130 
13 	      6.000 	            0.0002269 	            0.0000179 	        27924.5031189 
14 	      6.500 	            0.0002448 	            0.0000179 	        27928.1445867 
15 	      7.000 	            0.0002627 	            0.0000179 	        27925.2419378 
16 	      7.500 	            0.0002806 	            0.0000179 	        27924.6517703 
17 	      8.000 	            0.0002985 	            0.0000179 	        27925.0437389 
18 	      8.500 	            0.0003164 	            0.0000179 	        27927.0411914 
19 	      9.000 	            0.0003343 	            0.0000179 	        27925.4383718 
20 	      9.500 	            0.0003522 	            0.0000179 	        27926.3383490 
21 	     10.000 	            0.0003701 	            0.0000179 	        27925.0447423 
22 	     10.500 	            0.0003880 	            0.0000179 	        27925.4087155 
23 	     11.000 	            0.0004059 	            0.0000179 	        27926.0030700 
24 	     11.500 	            0.0004238 	            0.0000179 	        27926.0204514 
25 	     12.000 	            0.0004418 	            0.0000179 	        27924.8523621 
26 	     12.500 	            0.0004597 	            0.0000179 	        27925.7058751 
27 	     13.000 	            0.0004776 	            0.0000179 	        27924.6577739 
28 	     13.500 	            0.0004955 	            0.0000179 	        27925.5874708 
29 	     14.000 	            0.0005134 	            0.0000179 	        27924.9399694 
30 	     14.500 	            0.0005313 	            0.0000179 	        27925.9309739 
31 	     15.000 	            0.0005492 	            0.0000179 	        27925.0858533 
32 	     15.500 	            0.0005671 	            0.0000179 	        27924.9294549 
33 	     16.000 	            0.0005850 	            0.0000179 	        27925.1254793 
34 	     16.500 	            0.0006029 	            0.0000179 	        27924.7312394 
35 	     17.000 	            0.0006208 	            0.0000179 	        27924.7289155 
36 	     17.500 	            0.0006387 	            0.0000179 	        27925.4473317 
37 	     18.000 	            0.0006566 	            0.0000179 	        27925.1340576 
38 	     18.500 	            0.0006745 	            0.0000179 	        27925.3736222 
39 	     19.000 	            0.0006924 	            0.0000179 	        27925.3261520 
40 	     19.500 	            0.0007103 	            0.0000179 	        27925.3381397 
41 	     20.000 	            0.0007282 	            0.0000179 	        27925.0544713 
42 	     20.500 	            0.0007461 	            0.0000179 	        27925.2223902 
43 	     21.000 	            0.0007641 	            0.0000179 	        27924.8314388 
44 	     21.500 	            0.0007820 	            0.0000179 	        27925.0743725 
45 	     22.000 	            0.0007999 	            0.0000179 	        27924.8138874 
46 	     22.500 	            0.0008178 	            0.0000179 	        27924.7177666 
47 	     23.000 	            0.0008357 	            0.0000179 	        27924.9731139 
48 	     23.500 	            0.0008536 	            0.0000179 	        27925.2115978 
49 	     24.000 	            0.0008715 	            0.0000179 	        27924.3643529 
50 	     24.500 	            0.0008894 	            0.0000179 	        27924.7797722 
51 	     25.000 	            0.0009073 	            0.0000179 	        27924.6974044 
52 	     25.500 	            0.0009252 	            0.0000179 	        27924.4416284 
53 	     26.000 	            0.0009431 	            0.0000179 	        27924.4962830 
54 	     26.500 	            0.0009610 	            0.0000179 	        27924.7639830 
55 	     27.000 	            0.0009789 	            0.0000179 	        27924.4064846 
56 	     27.500 	            0.0009968 	            0.0000179 	        27925.0221131 
57 	     28.000 	            0.0010147 	            0.0000179 	        27924.3845974 
58 	     28.500 	            0.0010326 	            0.0000179 	        27924.6891029 
59 	     29.000 	            0.0010506 	            0.0000179 	        27924.2171164 
60 	     29.500 	            0.0010684 	            0.0000179 	        27924.8669919 
61 	     30.000 	            0.0010864 	            0.0000179 	        27924.2509602 
62 	     30.500 	            0.0011043 	            0.0000179 	        27924.4668908 
63 	     31.000 	            0.0011222 	            0.0000179 	        27924.4488790 
64 	     31.500 	            0.0011401 	            0.0000179 	        27924.4256713 
65 	     32.000 	            0.0011580 	            0.0000179 	        27924.2247906 
66 	     32.500 	            0.0011759 	            0.0000179 	        27924.4993337 
67 	     33.000 	            0.0011938 	            0.0000179 	        27924.3141133 
68 	     33.500 	            0.0012117 	            0.0000179 	        27924.6103863 
69 	     34.000 	            0.0012296 	            0.0000179 	        27924.1710142 
70 	     34.500 	            0.0012475 	            0.0000179 	        27924.7353676 
71 	     35.000 	            0.0012654 	            0.0000179 	        27924.4774114 
72 	     35.500 	            0.0012833 	            0.0000179 	        27924.3006375 
73 	     36.000 	            0.0013013 	            0.0000179 	        27924.0234625 
74 	     36.500 	            0.0013191 	            0.0000179 	        27924.3624178 
75 	     37.000 	            0.0013370 	            0.0000179 	        27924.3189881 
76 	     37.500 	            0.0013550 	            0.0000179 	        27924.3876481 
77 	     38.000 	            0.0013729 	            0.0000179 	        27924.0751124 
78 	     38.500 	            0.0013908 	            0.0000179 	        27924.1735594 
79 	     39.000 	            0.0014087 	            0.0000179 	        27924.2442510 
80 	     39.500 	            0.0014266 	            0.0000179 	        27924.2639455 
81 	     40.000 	            0.0014445 	            0.0000179 	        27923.9643768 
82 	     40.500 	            0.0014624 	            0.0000179 	        27924.0839157 
83 	     41.000 	            0.0014803 	            0.0000179 	        27924.1955316 
84 	     41.500 	            0.0014982 	            0.0000179 	        27924.2929237 
85 	     42.000 	            0.0015161 	            0.0000179 	        27924.0394011 
86 	     42.500 	            0.0015340 	            0.0000179 	        27924.0633027 
87 	     43.000 	            0.0015519 	            0.0000179 	        27924.0118220 
88 	     43.500 	            0.0015698 	            0.0000179 	        27924.1989563 
89 	     44.000 	            0.0015877 	            0.0000179 	        27923.9297528 
90 	     44.500 	            0.0016056 	            0.0000179 	        27924.0868191 
91 	     45.000 	            0.0016235 	            0.0000179 	        27924.2912522 
92 	     45.500 	            0.0016414 	            0.0000179 	        27924.2346126 
93 	     46.000 	            0.0016594 	            0.0000179 	        27924.0003394 
94 	     46.500 	            0.0016773 	            0.0000179 	        27924.1835180 
95 	     47.000 	            0.0016952 	            0.0000179 	        27923.9630645 
96 	     47.500 	            0.0017131 	            0.0000179 	        27924.2138909 
97 	     48.000 	            0.0017310 	            0.0000179 	        27924.1590574 
98 	     48.500 	            0.0017489 	            0.0000179 	        27924.0618664 
99 	     49.000 	            0.0017668 	            0.0000179 	        27923.9902726 
100 	     49.500 	            0.0017847 	            0.0000179 	        27924.1538627 
101 	     50.000 	            0.0018026 	            0.0000179 	        27923.8915596 
102 	     50.500 	            0.0018205 	            0.0000179 	        27923.9471402 
103 	     51.000 	            0.0018384 	            0.0000179 	        27924.1050310 
104 	     51.500 	            0.0018563 	            0.0000179 	        27924.0618297 
105 	     52.000 	            0.0018742 	            0.0000179 	        27924.0544862 
106 	     52.500 	            0.0018921 	            0.0000179 	        27924.2865116 
107 	     53.000 	            0.0019100 	            0.0000179 	        27924.0367883 
108 	     53.500 	            0.0019279 	            0.0000179 	        27924.0583488 
109 	     54.000 	            0.0019459 	            0.0000179 	        27923.8002375 
110 	     54.500 	            0.0019637 	            0.0000179 	        27924.3099394 
111 	     55.000 	            0.0019817 	            0.0000179 	        27923.9748187 
112 	     55.500 	            0.0019996 	            0.0000179 	        27924.1265083 
113 	     56.000 	            0.0020175 	            0.0000179 	        27923.8255622 
114 	     56.500 	            0.0020354 	            0.0000179 	        27924.1027645 
115 	     57.000 	            0.0020533 	            0.0000179 	        27924.0016064 
116 	     57.500 	            0.0020712 	            0.0000179 	        27923.9090308 
117 	     58.000 	            0.0020891 	            0.0000179 	        27924.1008989 
118 	     58.500 	            0.0021070 	            0.0000179 	        27924.0342935 
119 	     59.000 	            0.0021249 	            0.0000179 	        27924.0362833 
120 	     59.500 	            0.0021428 	            0.0000179 	        27924.0080187 
121 	     60.000 	            0.0021607 	            0.0000179 	        27924.1630534 
122 	     60.500 	            0.0021786 	            0.0000179 	        27924.3035356 
123 	     61.000 	            0.0021965 	            0.0000179 	        27924.1855715 
124 	     61.500 	            0.0022144 	            0.0000179 	        27924.0210742 
125 	     62.000 	            0.0022323 	            0.0000179 	        27924.1317484 
126 	     62.500 	            0.0022502 	            0.0000179 	        27924.2278508 
127 	     63.000 	            0.0022682 	            0.0000179 	        27924.0811496 
128 	     63.500 	            0.0022861 	            0.0000179 	        27924.1022572 
129 	     64.000 	            0.0023040 	            0.0000179 	        27924.2631787 
130 	     64.500 	            0.0023219 	            0.0000179 	        27924.0473195 
131 	     65.000 	            0.0023398 	            0.0000179 	        27924.1994183 
132 	     65.500 	            0.0023576 	            0.0000179 	        27924.5637124 
133 	     66.000 	            0.0023756 	            0.0000179 	        27924.1024200 
134 	     66.500 	            0.0023935 	            0.0000179 	        27924.1297599 
135 	     67.000 	            0.0024114 	            0.0000179 	        27924.3235408 
136 	     67.500 	            0.0024293 	            0.0000179 	        27924.0129892 
137 	     68.000 	            0.0024472 	            0.0000179 	        27924.1356427 
138 	     68.500 	            0.0024651 	            0.0000179 	        27924.5271055 
139 	     69.000 	            0.0024830 	            0.0000179 	        27924.3226365 
140 	     69.500 	            0.0025009 	            0.0000179 	        27924.2588738 
141 	     70.000 	            0.0025188 	            0.0000179 	        27924.2841885 
142 	     70.500 	            0.0025367 	            0.0000179 	        27924.2896548 
143 	     71.000 	            0.0025546 	            0.0000179 	        27924.2392343 
144 	     71.500 	            0.0025725 	            0.0000179 	        27924.4369200 
145 	     72.000 	            0.0025904 	            0.0000179 	        27924.4353400 
146 	     72.500 	            0.0026083 	            0.0000179 	        27924.3947112 
147 	     73.000 	            0.0026262 	            0.0000179 	        27924.4829189 
148 	     73.500 	            0.0026442 	            0.0000179 	        27924.0927231 
149 	     74.000 	            0.0026621 	            0.0000179 	        27924.3245315 
150 	     74.500 	            0.0026800 	            0.0000179 	        27924.4495395 
151 	     75.000 	            0.0026978 	            0.0000179 	        27924.7103301 
152 	     75.500 	            0.0027157 	            0.0000179 	        27924.6495552 
153 	     76.000 	            0.0027337 	            0.0000179 	        27924.4344536 
154 	     76.500 	            0.0027516 	            0.0000179 	        27924.5664785 
155 	     77.000 	            0.0027695 	            0.0000179 	        27924.1749720 
156 	     77.500 	            0.0027874 	            0.0000179 	        27924.4535671 
157 	     78.000 	            0.0028053 	            0.0000179 	        27924.4170150 
158 	     78.500 	            0.0028232 	            0.0000179 	        27924.7843212 
159 	     79.000 	            0.0028411 	            0.0000179 	        27924.6658978 
160 	     79.500 	            0.0028590 	            0.0000179 	        27924.4841356 
161 	     80.000 	            0.0028769 	            0.0000179 	        27924.7825687 
162 	     80.500 	            0.0028948 	            0.0000179 	        27924.6590088 
163 	     81.000 	            0.0029127 	            0.0000179 	        27924.8702204 
164 	     81.500 	            0.0029306 	            0.0000179 	        27924.6130128 
165 	     82.000 	            0.0029485 	            0.0000179 	        27924.7808988 
166 	     82.500 	            0.0029664 	            0.0000179 	        27924.9397322 
167 	     83.000 	            0.0029843 	            0.0000179 	        27925.0155907 
168 	     83.500 	            0.0030022 	            0.0000179 	        27924.7902475 
169 	     84.000 	            0.0030201 	            0.0000179 	        27924.6422928 
170 	     84.500 	            0.0030381 	            0.0000179 	        27924.5178458 
171 	     85.000 	            0.0030559 	            0.0000179 	        27924.7031636 
172 	     85.500 	            0.0030739 	            0.0000179 	        27924.4899364 
173 	     86.000 	            0.0030918 	            0.0000179 	        27924.4979993 
174 	     86.500 	            0.0031097 	            0.0000179 	        27924.4447332 
175 	     87.000 	            0.0031276 	            0.0000179 	        27924.4229984 
176 	     87.500 	            0.0031455 	            0.0000179 	        27924.6382728 
177 	     88.000 	            0.0031634 	            0.0000179 	        27924.3505470 
178 	     88.500 	            0.0031813 	            0.0000179 	        27924.2569867 
179 	     89.000 	            0.0031992 	            0.0000178 	        27924.7478563 
180 	     89.500 	            0.0032171 	            0.0000179 	        27924.7582912 
181 	     90.000 	            0.0032350 	            0.0000179 	        27924.6759543 
182 	     90.500 	            0.0032529 	            0.0000179 	        27924.3177977 
183 	     91.000 	            0.0032708 	            0.0000179 	        27924.4539382 
184 	     91.500 	            0.0032888 	            0.0000179 	        27924.3403476 
185 	     92.000 	            0.0033066 	            0.0000178 	        27925.1683013 
186 	     92.500 	            0.0033245 	            0.0000179 	        27924.7961990 
187 	     93.000 	            0.0033424 	            0.0000179 	        27924.7689969 
188 	     93.500 	            0.0033603 	            0.0000179 	        27924.7402991 
189 	     94.000 	            0.0033782 	            0.0000179 	        27925.1211012 
190 	     94.500 	            0.0033962 	            0.0000180 	        27924.5508579 
191 	     95.000 	            0.0034141 	            0.0000179 	        27924.5414280 
192 	     95.500 	            0.0034320 	            0.0000180 	        27924.1670220 
193 	     96.000 	            0.0034499 	            0.0000179 	        27924.5091260 
194 	     96.500 	            0.0034678 	            0.0000179 	        27924.3101303 
195 	     97.000 	            0.0034857 	            0.0000179 	        27924.6541207 
196 	     97.500 	            0.0035036 	            0.0000179 	        27924.6012610 
197 	     98.000 	            0.0035215 	            0.0000180 	        27924.2357278 
198 	     98.500 	            0.0035395 	            0.0000179 	        27924.0989590 
199 	     99.000 	            0.0035573 	            0.0000178 	        27924.6125649 
200 	     99.500 	            0.0035752 	            0.0000179 	        27924.3388853 
201 	    100.000 	            0.0035931 	            0.0000179 	        27924.5787879 
202 	    100.500 	            0.0036111 	            0.0000180 	        27924.1916745 
203 	    101.000 	            0.0036290 	            0.0000179 	        27924.3305998 
204 	    101.500 	            0.0036469 	            0.0000179 	        27924.3768917 
205 	    102.000 	            0.0036648 	            0.0000180 	        27923.8389327 
206 	    102.500 	            0.0036827 	            0.0000179 	        27924.1755867 
207 	    103.000 	            0.0037006 	            0.0000179 	        27924.1395575 
208 	    103.500 	            0.0037185 	            0.0000179 	        27924.3486434 
209 	    104.000 	            0.0037364 	            0.0000179 	        27924.0988750 
210 	    104.500 	            0.0037543 	            0.0000179 	        27923.9282399 
211 	    105.000 	            0.0037723 	            0.0000179 	        27923.9296823 
212 	    105.500 	            0.0037902 	            0.0000179 	        27923.8341877 
213 	    106.000 	            0.0038080 	            0.0000179 	        27924.0689947 
214 	    106.500 	            0.0038259 	            0.0000179 	        27924.3853255 
215 	    107.000 	            0.0038439 	            0.0000180 	        27923.9955767 
216 	    107.500 	            0.0038618 	            0.0000179 	        27923.9732976 
217 	    108.000 	            0.0038797 	            0.0000179 	        27923.7567690 
218 	    108.500 	            0.0038976 	            0.0000179 	        27924.1098714 
219 	    109.000 	            0.0039154 	            0.0000178 	        27924.5968996 
220 	    109.500 	            0.0039333 	            0.0000179 	        27924.3466318 
221 	    110.000 	            0.0039513 	            0.0000180 	        27924.0200024 
222 	    110.500 	            0.0039693 	            0.0000180 	        27923.6527066 
223 	    111.000 	            0.0039871 	            0.0000178 	        27924.0902918 
224 	    111.500 	            0.0040050 	            0.0000179 	        27923.8717211 
225 	    112.000 	            0.0040229 	            0.0000179 	        27924.0334945 
226 	    112.500 	            0.0040409 	            0.0000179 	        27923.7874558 
227 	    113.000 	            0.0040588 	            0.0000179 	        27923.7823762 
228 	    113.500 	            0.0040767 	            0.0000180 	        27923.4424658 
229 	    114.000 	            0.0040946 	            0.0000179 	        27923.4935026 
230 	    114.500 	            0.0041125 	            0.0000179 	        27923.4629685 
231 	    115.000 	            0.0041305 	            0.0000179 	        27923.2514148 
232 	    115.500 	            0.0041484 	            0.0000179 	        27923.4070237 
233 	    116.000 	            0.0041662 	            0.0000178 	        27923.9633760 
234 	    116.500 	            0.0041841 	            0.0000179 	        27924.0145542 
235 	    117.000 	            0.0042020 	            0.0000179 	        27923.9573155 
236 	    117.500 	            0.0042199 	            0.0000179 	        27923.6812165 
237 	    118.000 	            0.0042379 	            0.0000180 	        27923.3057490 
238 	    118.500 	            0.0042557 	            0.0000178 	        27923.8763775 
239 	    119.000 	            0.0042736 	            0.0000179 	        27923.7913346 
240 	    119.500 	            0.0042915 	            0.0000179 	        27923.9659961 
241 	    120.000 	            0.0043095 	            0.0000180 	        27923.2127323 
242 	    120.500 	            0.0043275 	            0.0000179 	        27922.9899950 
243 	    121.000 	            0.0043453 	            0.0000179 	        27923.2824520 
244 	    121.500 	            0.0043633 	            0.0000180 	        27922.8713339 
245 	    122.000 	            0.0043811 	            0.0000178 	        27923.7225287 
246 	    122.500 	            0.0043992 	            0.0000181 	        27922.6946422 
247 	    123.000 	            0.0044169 	            0.0000178 	        27923.3942927 
248 	    123.500 	            0.0044348 	            0.0000179 	        27923.6849278 
249 	    124.000 	            0.0044529 	            0.0000181 	        27922.7295229 
250 	    124.500 	            0.0044708 	            0.0000179 	        27922.7922063 
251 	    125.000 	            0.0044886 	            0.0000179 	        27923.1166656 
252 	    125.500 	            0.0045066 	            0.0000180 	        27922.6684670 
253 	    126.000 	            0.0045244 	            0.0000178 	        27923.2051510 
254 	    126.500 	            0.0045424 	            0.0000180 	        27922.5661934 
255 	    127.000 	            0.0045603 	            0.0000179 	        27922.7312770 
256 	    127.500 	            0.0045782 	            0.0000179 	        27922.9761489 
257 	    128.000 	            0.0045960 	            0.0000178 	        27923.4827103 
258 	    128.500 	            0.0046140 	            0.0000180 	        27922.7737531 
259 	    129.000 	            0.0046320 	            0.0000180 	        27922.3573084 
260 	    129.500 	            0.0046498 	            0.0000178 	        27923.0740515 
261 	    130.000 	            0.0046678 	            0.0000180 	        27922.5531690 
262 	    130.500 	            0.0046857 	            0.0000179 	        27922.5784643 
263 	    131.000 	            0.0047036 	            0.0000179 	        27922.3475168 
264 	    131.500 	            0.0047216 	            0.0000179 	        27922.1608273 
265 	    132.000 	            0.0047394 	            0.0000178 	        27922.7981757 
266 	    132.500 	            0.0047575 	            0.0000181 	        27921.7021438 
267 	    133.000 	            0.0047754 	            0.0000179 	        27921.6714071 
268 	    133.500 	            0.0047931 	            0.0000178 	        27922.4297552 
269 	    134.000 	            0.0048111 	            0.0000180 	        27921.8791722 
270 	    134.500 	            0.0048290 	            0.0000179 	        27921.9194511 
271 	    135.000 	            0.0048470 	            0.0000179 	        27921.9201735 
272 	    135.500 	            0.0048648 	            0.0000178 	        27922.4089909 
273 	    136.000 	            0.0048828 	            0.0000180 	        27921.9492383 
274 	    136.500 	            0.0049007 	            0.0000180 	        27921.6456789 
275 	    137.000 	            0.0049186 	            0.0000179 	        27921.9414781 
276 	    137.500 	            0.0049365 	            0.0000179 	        27922.0886647 
277 	    138.000 	            0.0049545 	            0.0000180 	        27921.4756210 
278 	    138.500 	            0.0049723 	            0.0000178 	        27921.9307290 
279 	    139.000 	            0.0049902 	            0.0000179 	        27922.0848708 
