# Zc 	 Nc 	 t0 (s) 	 elapsed time (s) 	 F (Hz) 
1 	      0.000 	            0.0000033 	            0.0000000 	            0.0000000 
2 	      0.500 	            0.0000213 	            0.0000179 	        27907.9052642 
3 	      1.000 	            0.0000391 	            0.0000179 	        27923.2284109 
4 	      1.500 	            0.0000570 	            0.0000179 	        27941.4402142 
5 	      2.000 	            0.0000749 	            0.0000179 	        27928.2655786 
6 	      2.500 	            0.0000928 	            0.0000179 	        27932.1743190 
7 	      3.000 	            0.0001108 	            0.0000179 	        27921.9241286 
8 	      3.500 	            0.0001286 	            0.0000179 	        27933.1485730 
9 	      4.000 	            0.0001466 	            0.0000179 	        27928.0213567 
10 	      4.500 	            0.0001645 	            0.0000179 	        27928.0455778 
11 	      5.000 	            0.0001824 	            0.0000179 	        27927.4171516 
12 	      5.500 	            0.0002003 	            0.0000179 	        27926.1779265 
13 	      6.000 	            0.0002182 	            0.0000179 	        27927.5205677 
14 	      6.500 	            0.0002361 	            0.0000179 	        27927.1040180 
15 	      7.000 	            0.0002540 	            0.0000179 	        27927.1124550 
16 	      7.500 	            0.0002719 	            0.0000179 	        27927.2531026 
17 	      8.000 	            0.0002898 	            0.0000179 	        27931.3656786 
18 	      8.500 	            0.0003077 	            0.0000179 	        27927.6691928 
19 	      9.000 	            0.0003256 	            0.0000179 	        27926.6071505 
20 	      9.500 	            0.0003435 	            0.0000179 	        27926.1082136 
21 	     10.000 	            0.0003614 	            0.0000179 	        27927.2938402 
22 	     10.500 	            0.0003793 	            0.0000179 	        27926.8113904 
23 	     11.000 	            0.0003972 	            0.0000179 	        27926.6770835 
24 	     11.500 	            0.0004151 	            0.0000179 	        27927.0805431 
25 	     12.000 	            0.0004330 	            0.0000179 	        27927.3394826 
26 	     12.500 	            0.0004509 	            0.0000179 	        27925.9127740 
27 	     13.000 	            0.0004688 	            0.0000179 	        27928.1156014 
28 	     13.500 	            0.0004867 	            0.0000179 	        27927.5416389 
29 	     14.000 	            0.0005046 	            0.0000179 	        27926.6973335 
30 	     14.500 	            0.0005226 	            0.0000179 	        27926.7320980 
31 	     15.000 	            0.0005405 	            0.0000179 	        27926.2060088 
32 	     15.500 	            0.0005584 	            0.0000179 	        27926.9439048 
33 	     16.000 	            0.0005763 	            0.0000179 	        27926.4460647 
34 	     16.500 	            0.0005942 	            0.0000179 	        27925.7696905 
35 	     17.000 	            0.0006121 	            0.0000179 	        27925.8995550 
36 	     17.500 	            0.0006300 	            0.0000179 	        27925.2058880 
37 	     18.000 	            0.0006479 	            0.0000179 	        27925.8431954 
38 	     18.500 	            0.0006658 	            0.0000179 	        27927.0423971 
39 	     19.000 	            0.0006837 	            0.0000179 	        27926.0578109 
40 	     19.500 	            0.0007016 	            0.0000179 	        27926.0759708 
41 	     20.000 	            0.0007195 	            0.0000179 	        27925.8525079 
42 	     20.500 	            0.0007374 	            0.0000179 	        27926.1343093 
43 	     21.000 	            0.0007553 	            0.0000179 	        27925.9321528 
44 	     21.500 	            0.0007732 	            0.0000179 	        27925.3487976 
45 	     22.000 	            0.0007912 	            0.0000179 	        27925.1038415 
46 	     22.500 	            0.0008090 	            0.0000179 	        27926.1845958 
47 	     23.000 	            0.0008269 	            0.0000179 	        27926.5061103 
48 	     23.500 	            0.0008449 	            0.0000180 	        27924.8647241 
49 	     24.000 	            0.0008628 	            0.0000179 	        27925.8531137 
50 	     24.500 	            0.0008807 	            0.0000179 	        27924.8873285 
51 	     25.000 	            0.0008986 	            0.0000179 	        27925.6187928 
52 	     25.500 	            0.0009164 	            0.0000179 	        27926.4558303 
53 	     26.000 	            0.0009344 	            0.0000180 	        27924.7868599 
54 	     26.500 	            0.0009523 	            0.0000179 	        27925.6054254 
55 	     27.000 	            0.0009702 	            0.0000179 	        27926.0230248 
56 	     27.500 	            0.0009881 	            0.0000179 	        27926.0015463 
57 	     28.000 	            0.0010060 	            0.0000179 	        27925.0272545 
58 	     28.500 	            0.0010239 	            0.0000179 	        27925.1255084 
59 	     29.000 	            0.0010418 	            0.0000179 	        27925.2581655 
60 	     29.500 	            0.0010597 	            0.0000179 	        27925.3145545 
61 	     30.000 	            0.0010777 	            0.0000179 	        27924.6567883 
62 	     30.500 	            0.0010956 	            0.0000179 	        27924.4813334 
63 	     31.000 	            0.0011135 	            0.0000179 	        27924.8456401 
64 	     31.500 	            0.0011314 	            0.0000179 	        27924.7535029 
65 	     32.000 	            0.0011493 	            0.0000179 	        27925.1087463 
66 	     32.500 	            0.0011671 	            0.0000179 	        27925.6121677 
67 	     33.000 	            0.0011851 	            0.0000180 	        27924.4180044 
68 	     33.500 	            0.0012029 	            0.0000178 	        27925.7414591 
69 	     34.000 	            0.0012209 	            0.0000179 	        27924.7418774 
70 	     34.500 	            0.0012388 	            0.0000179 	        27924.6551158 
71 	     35.000 	            0.0012567 	            0.0000179 	        27923.9852447 
72 	     35.500 	            0.0012746 	            0.0000179 	        27924.6977442 
73 	     36.000 	            0.0012925 	            0.0000179 	        27924.5534838 
74 	     36.500 	            0.0013104 	            0.0000179 	        27924.8016435 
75 	     37.000 	            0.0013283 	            0.0000179 	        27924.8154307 
76 	     37.500 	            0.0013462 	            0.0000179 	        27925.1331452 
77 	     38.000 	            0.0013642 	            0.0000179 	        27924.3548082 
78 	     38.500 	            0.0013821 	            0.0000179 	        27924.4416558 
79 	     39.000 	            0.0014000 	            0.0000179 	        27924.5098922 
80 	     39.500 	            0.0014178 	            0.0000179 	        27924.9614937 
81 	     40.000 	            0.0014357 	            0.0000179 	        27925.2010007 
82 	     40.500 	            0.0014537 	            0.0000179 	        27924.4882550 
83 	     41.000 	            0.0014716 	            0.0000179 	        27924.8013227 
84 	     41.500 	            0.0014894 	            0.0000179 	        27925.2943076 
85 	     42.000 	            0.0015074 	            0.0000179 	        27924.7473020 
86 	     42.500 	            0.0015253 	            0.0000179 	        27924.2682468 
87 	     43.000 	            0.0015432 	            0.0000179 	        27924.3106353 
88 	     43.500 	            0.0015611 	            0.0000179 	        27924.4254408 
89 	     44.000 	            0.0015790 	            0.0000179 	        27924.1968206 
90 	     44.500 	            0.0015969 	            0.0000179 	        27924.6909879 
91 	     45.000 	            0.0016148 	            0.0000179 	        27924.8764820 
92 	     45.500 	            0.0016327 	            0.0000179 	        27924.1735765 
93 	     46.000 	            0.0016507 	            0.0000179 	        27924.2192984 
94 	     46.500 	            0.0016685 	            0.0000179 	        27924.6447548 
95 	     47.000 	            0.0016864 	            0.0000179 	        27924.8044348 
96 	     47.500 	            0.0017043 	            0.0000179 	        27924.6584514 
97 	     48.000 	            0.0017223 	            0.0000179 	        27924.4427411 
98 	     48.500 	            0.0017402 	            0.0000179 	        27924.5084063 
99 	     49.000 	            0.0017581 	            0.0000179 	        27924.4046794 
100 	     49.500 	            0.0017760 	            0.0000179 	        27924.2216073 
101 	     50.000 	            0.0017939 	            0.0000179 	        27924.3788134 
102 	     50.500 	            0.0018118 	            0.0000179 	        27924.5362919 
103 	     51.000 	            0.0018297 	            0.0000179 	        27924.1509120 
104 	     51.500 	            0.0018476 	            0.0000179 	        27923.7232377 
105 	     52.000 	            0.0018655 	            0.0000179 	        27924.1797392 
106 	     52.500 	            0.0018834 	            0.0000179 	        27923.9358926 
107 	     53.000 	            0.0019013 	            0.0000179 	        27924.2178585 
108 	     53.500 	            0.0019192 	            0.0000179 	        27924.5904954 
109 	     54.000 	            0.0019371 	            0.0000179 	        27924.6561274 
110 	     54.500 	            0.0019550 	            0.0000179 	        27924.7097434 
111 	     55.000 	            0.0019730 	            0.0000179 	        27924.2064205 
112 	     55.500 	            0.0019909 	            0.0000179 	        27924.2930538 
113 	     56.000 	            0.0020088 	            0.0000179 	        27924.3380474 
114 	     56.500 	            0.0020266 	            0.0000179 	        27924.5264041 
115 	     57.000 	            0.0020446 	            0.0000179 	        27924.5146735 
116 	     57.500 	            0.0020625 	            0.0000179 	        27924.2818155 
117 	     58.000 	            0.0020804 	            0.0000179 	        27924.2387317 
118 	     58.500 	            0.0020983 	            0.0000179 	        27923.9836392 
119 	     59.000 	            0.0021162 	            0.0000179 	        27924.1526539 
120 	     59.500 	            0.0021340 	            0.0000178 	        27924.9554280 
121 	     60.000 	            0.0021520 	            0.0000180 	        27924.3167085 
122 	     60.500 	            0.0021699 	            0.0000179 	        27924.3051878 
123 	     61.000 	            0.0021879 	            0.0000179 	        27923.7816260 
124 	     61.500 	            0.0022057 	            0.0000178 	        27924.5419342 
125 	     62.000 	            0.0022236 	            0.0000179 	        27924.6288403 
126 	     62.500 	            0.0022415 	            0.0000179 	        27924.3706739 
127 	     63.000 	            0.0022594 	            0.0000179 	        27924.1753883 
128 	     63.500 	            0.0022773 	            0.0000179 	        27924.3973488 
129 	     64.000 	            0.0022952 	            0.0000179 	        27924.3061801 
130 	     64.500 	            0.0023131 	            0.0000179 	        27924.3830424 
131 	     65.000 	            0.0023311 	            0.0000179 	        27924.3445669 
132 	     65.500 	            0.0023490 	            0.0000179 	        27924.3321547 
133 	     66.000 	            0.0023669 	            0.0000179 	        27923.9364124 
134 	     66.500 	            0.0023847 	            0.0000178 	        27924.6099620 
135 	     67.000 	            0.0024027 	            0.0000179 	        27924.3368110 
136 	     67.500 	            0.0024206 	            0.0000179 	        27924.3430674 
137 	     68.000 	            0.0024385 	            0.0000179 	        27924.5271378 
138 	     68.500 	            0.0024564 	            0.0000179 	        27924.5095395 
139 	     69.000 	            0.0024743 	            0.0000179 	        27924.6486899 
140 	     69.500 	            0.0024922 	            0.0000179 	        27924.2290876 
141 	     70.000 	            0.0025101 	            0.0000179 	        27924.6087210 
142 	     70.500 	            0.0025280 	            0.0000179 	        27924.9939505 
143 	     71.000 	            0.0025459 	            0.0000180 	        27924.4494042 
144 	     71.500 	            0.0025638 	            0.0000179 	        27924.8467054 
145 	     72.000 	            0.0025817 	            0.0000179 	        27924.8106899 
146 	     72.500 	            0.0025996 	            0.0000179 	        27924.7963616 
147 	     73.000 	            0.0026175 	            0.0000179 	        27924.6697634 
148 	     73.500 	            0.0026354 	            0.0000179 	        27924.5518495 
149 	     74.000 	            0.0026534 	            0.0000179 	        27924.3164923 
150 	     74.500 	            0.0026712 	            0.0000179 	        27924.8144513 
151 	     75.000 	            0.0026892 	            0.0000180 	        27924.1170726 
152 	     75.500 	            0.0027071 	            0.0000179 	        27924.4924609 
153 	     76.000 	            0.0027249 	            0.0000179 	        27924.7725188 
154 	     76.500 	            0.0027428 	            0.0000179 	        27924.9826458 
155 	     77.000 	            0.0027608 	            0.0000180 	        27924.4599178 
156 	     77.500 	            0.0027787 	            0.0000179 	        27924.6813325 
157 	     78.000 	            0.0027965 	            0.0000179 	        27924.8868544 
158 	     78.500 	            0.0028145 	            0.0000179 	        27924.8348852 
159 	     79.000 	            0.0028324 	            0.0000180 	        27924.3298115 
160 	     79.500 	            0.0028503 	            0.0000179 	        27924.5373537 
161 	     80.000 	            0.0028682 	            0.0000179 	        27924.3382447 
162 	     80.500 	            0.0028861 	            0.0000179 	        27924.8719481 
163 	     81.000 	            0.0029040 	            0.0000179 	        27924.7907734 
164 	     81.500 	            0.0029218 	            0.0000178 	        27925.3402635 
165 	     82.000 	            0.0029398 	            0.0000180 	        27924.7723763 
166 	     82.500 	            0.0029577 	            0.0000179 	        27924.7732991 
167 	     83.000 	            0.0029756 	            0.0000179 	        27924.5040139 
168 	     83.500 	            0.0029935 	            0.0000179 	        27924.7272604 
169 	     84.000 	            0.0030114 	            0.0000179 	        27924.7090064 
170 	     84.500 	            0.0030293 	            0.0000179 	        27925.0131020 
171 	     85.000 	            0.0030472 	            0.0000179 	        27925.2988554 
172 	     85.500 	            0.0030652 	            0.0000181 	        27923.9115426 
173 	     86.000 	            0.0030831 	            0.0000179 	        27924.3032813 
174 	     86.500 	            0.0031009 	            0.0000178 	        27925.2609900 
175 	     87.000 	            0.0031188 	            0.0000180 	        27924.7907806 
176 	     87.500 	            0.0031367 	            0.0000179 	        27924.9503484 
177 	     88.000 	            0.0031546 	            0.0000179 	        27924.9348489 
178 	     88.500 	            0.0031726 	            0.0000179 	        27924.6604935 
179 	     89.000 	            0.0031905 	            0.0000179 	        27924.6597307 
180 	     89.500 	            0.0032084 	            0.0000179 	        27924.8452760 
181 	     90.000 	            0.0032263 	            0.0000179 	        27924.4763459 
182 	     90.500 	            0.0032442 	            0.0000179 	        27924.5393455 
183 	     91.000 	            0.0032621 	            0.0000179 	        27924.8667937 
184 	     91.500 	            0.0032800 	            0.0000179 	        27925.1036589 
185 	     92.000 	            0.0032979 	            0.0000180 	        27924.7003238 
186 	     92.500 	            0.0033158 	            0.0000179 	        27924.7136519 
187 	     93.000 	            0.0033337 	            0.0000179 	        27924.4701322 
188 	     93.500 	            0.0033516 	            0.0000179 	        27924.7744643 
189 	     94.000 	            0.0033696 	            0.0000179 	        27924.5274517 
190 	     94.500 	            0.0033874 	            0.0000179 	        27924.8108066 
191 	     95.000 	            0.0034053 	            0.0000179 	        27924.6892764 
192 	     95.500 	            0.0034232 	            0.0000179 	        27924.8639693 
193 	     96.000 	            0.0034411 	            0.0000179 	        27924.7904161 
194 	     96.500 	            0.0034591 	            0.0000179 	        27924.7379843 
195 	     97.000 	            0.0034770 	            0.0000179 	        27924.4733977 
196 	     97.500 	            0.0034949 	            0.0000179 	        27924.2787690 
197 	     98.000 	            0.0035128 	            0.0000179 	        27924.6904662 
198 	     98.500 	            0.0035307 	            0.0000179 	        27924.6967929 
199 	     99.000 	            0.0035486 	            0.0000179 	        27924.8631268 
200 	     99.500 	            0.0035665 	            0.0000179 	        27924.5646665 
201 	    100.000 	            0.0035844 	            0.0000179 	        27924.4437861 
202 	    100.500 	            0.0036023 	            0.0000179 	        27924.4685323 
203 	    101.000 	            0.0036202 	            0.0000179 	        27924.6039150 
204 	    101.500 	            0.0036382 	            0.0000180 	        27924.0244213 
205 	    102.000 	            0.0036560 	            0.0000179 	        27924.4447390 
206 	    102.500 	            0.0036740 	            0.0000179 	        27924.2984111 
207 	    103.000 	            0.0036918 	            0.0000179 	        27924.5407907 
208 	    103.500 	            0.0037098 	            0.0000179 	        27924.2069181 
209 	    104.000 	            0.0037277 	            0.0000179 	        27924.4277215 
210 	    104.500 	            0.0037457 	            0.0000180 	        27923.6400578 
211 	    105.000 	            0.0037634 	            0.0000178 	        27924.7941332 
212 	    105.500 	            0.0037814 	            0.0000180 	        27924.3812776 
213 	    106.000 	            0.0037993 	            0.0000179 	        27924.6096844 
214 	    106.500 	            0.0038172 	            0.0000180 	        27924.1965124 
215 	    107.000 	            0.0038351 	            0.0000178 	        27924.6890086 
216 	    107.500 	            0.0038530 	            0.0000179 	        27924.3815530 
217 	    108.000 	            0.0038709 	            0.0000179 	        27924.3453704 
218 	    108.500 	            0.0038889 	            0.0000179 	        27924.2274094 
219 	    109.000 	            0.0039068 	            0.0000180 	        27923.8835617 
220 	    109.500 	            0.0039246 	            0.0000178 	        27924.4365693 
221 	    110.000 	            0.0039425 	            0.0000179 	        27924.6428815 
222 	    110.500 	            0.0039606 	            0.0000181 	        27923.1168537 
223 	    111.000 	            0.0039785 	            0.0000179 	        27923.5034866 
224 	    111.500 	            0.0039963 	            0.0000178 	        27924.2783027 
225 	    112.000 	            0.0040142 	            0.0000180 	        27923.8163956 
226 	    112.500 	            0.0040322 	            0.0000180 	        27923.4731392 
227 	    113.000 	            0.0040500 	            0.0000178 	        27924.4282669 
228 	    113.500 	            0.0040679 	            0.0000179 	        27924.2941160 
229 	    114.000 	            0.0040858 	            0.0000179 	        27924.0603126 
230 	    114.500 	            0.0041037 	            0.0000179 	        27924.0402240 
231 	    115.000 	            0.0041217 	            0.0000180 	        27923.5353156 
232 	    115.500 	            0.0041396 	            0.0000179 	        27923.5485064 
233 	    116.000 	            0.0041576 	            0.0000179 	        27923.2920520 
234 	    116.500 	            0.0041754 	            0.0000179 	        27923.6209327 
235 	    117.000 	            0.0041932 	            0.0000178 	        27924.2557012 
236 	    117.500 	            0.0042112 	            0.0000179 	        27924.0336492 
237 	    118.000 	            0.0042291 	            0.0000179 	        27923.8703835 
238 	    118.500 	            0.0042470 	            0.0000179 	        27923.6552978 
239 	    119.000 	            0.0042650 	            0.0000180 	        27923.1307962 
240 	    119.500 	            0.0042829 	            0.0000178 	        27923.6676339 
241 	    120.000 	            0.0043007 	            0.0000178 	        27924.2526721 
242 	    120.500 	            0.0043186 	            0.0000179 	        27924.2365736 
243 	    121.000 	            0.0043367 	            0.0000181 	        27923.0881947 
244 	    121.500 	            0.0043545 	            0.0000178 	        27923.5126829 
245 	    122.000 	            0.0043725 	            0.0000180 	        27923.1261961 
246 	    122.500 	            0.0043902 	            0.0000178 	        27923.9766358 
247 	    123.000 	            0.0044083 	            0.0000180 	        27923.0768669 
248 	    123.500 	            0.0044262 	            0.0000179 	        27923.2697153 
249 	    124.000 	            0.0044440 	            0.0000179 	        27923.6148581 
250 	    124.500 	            0.0044621 	            0.0000181 	        27922.6698316 
251 	    125.000 	            0.0044799 	            0.0000178 	        27923.1650971 
252 	    125.500 	            0.0044978 	            0.0000179 	        27923.1790063 
253 	    126.000 	            0.0045157 	            0.0000179 	        27923.0870078 
254 	    126.500 	            0.0045336 	            0.0000178 	        27923.4490814 
255 	    127.000 	            0.0045515 	            0.0000179 	        27923.5385886 
256 	    127.500 	            0.0045696 	            0.0000181 	        27922.4718269 
257 	    128.000 	            0.0045873 	            0.0000178 	        27923.2107746 
258 	    128.500 	            0.0046052 	            0.0000178 	        27923.7081586 
259 	    129.000 	            0.0046232 	            0.0000180 	        27923.0960816 
260 	    129.500 	            0.0046411 	            0.0000180 	        27922.7365770 
261 	    130.000 	            0.0046591 	            0.0000179 	        27922.4860624 
262 	    130.500 	            0.0046769 	            0.0000178 	        27922.8624575 
263 	    131.000 	            0.0046949 	            0.0000179 	        27922.7385408 
264 	    131.500 	            0.0047127 	            0.0000178 	        27923.1521517 
265 	    132.000 	            0.0047307 	            0.0000180 	        27922.6284863 
266 	    132.500 	            0.0047485 	            0.0000179 	        27922.9445347 
267 	    133.000 	            0.0047664 	            0.0000179 	        27923.1655470 
268 	    133.500 	            0.0047845 	            0.0000181 	        27922.2617584 
269 	    134.000 	            0.0048022 	            0.0000177 	        27923.2177198 
270 	    134.500 	            0.0048203 	            0.0000181 	        27922.0106593 
271 	    135.000 	            0.0048382 	            0.0000179 	        27921.9747777 
272 	    135.500 	            0.0048561 	            0.0000178 	        27922.3159056 
273 	    136.000 	            0.0048739 	            0.0000178 	        27922.6703053 
274 	    136.500 	            0.0048920 	            0.0000180 	        27921.9751554 
275 	    137.000 	            0.0049098 	            0.0000178 	        27922.5597646 
276 	    137.500 	            0.0049278 	            0.0000181 	        27921.6507177 
277 	    138.000 	            0.0049457 	            0.0000179 	        27921.8467722 
278 	    138.500 	            0.0049635 	            0.0000178 	        27922.6682471 
279 	    139.000 	            0.0049814 	            0.0000179 	        27922.5454040 
280 	    139.500 	            0.0049995 	            0.0000181 	        27921.1974129 
