# Zc 	 Nc 	 t0 (s) 	 elapsed time (s) 	 F (Hz) 
1 	      0.000 	            0.0000095 	            0.0000000 	            0.0000000 
2 	      0.500 	            0.0000275 	            0.0000179 	        27899.3322725 
3 	      1.000 	            0.0000454 	            0.0000179 	        27924.2568434 
4 	      1.500 	            0.0000633 	            0.0000179 	        27908.9847520 
5 	      2.000 	            0.0000812 	            0.0000179 	        27924.9847014 
6 	      2.500 	            0.0000991 	            0.0000179 	        27920.6990091 
7 	      3.000 	            0.0001170 	            0.0000179 	        27928.6158590 
8 	      3.500 	            0.0001349 	            0.0000179 	        27922.0945574 
9 	      4.000 	            0.0001528 	            0.0000179 	        27923.6361953 
10 	      4.500 	            0.0001707 	            0.0000179 	        27921.2656572 
11 	      5.000 	            0.0001886 	            0.0000179 	        27924.9557434 
12 	      5.500 	            0.0002065 	            0.0000179 	        27923.4791404 
13 	      6.000 	            0.0002244 	            0.0000179 	        27923.7673427 
14 	      6.500 	            0.0002423 	            0.0000179 	        27925.2089340 
15 	      7.000 	            0.0002602 	            0.0000179 	        27926.3005872 
16 	      7.500 	            0.0002781 	            0.0000179 	        27924.0741307 
17 	      8.000 	            0.0002960 	            0.0000179 	        27925.2848438 
18 	      8.500 	            0.0003139 	            0.0000179 	        27924.3214969 
19 	      9.000 	            0.0003318 	            0.0000179 	        27925.5080070 
20 	      9.500 	            0.0003497 	            0.0000179 	        27925.2291317 
21 	     10.000 	            0.0003676 	            0.0000179 	        27925.7326506 
22 	     10.500 	            0.0003856 	            0.0000179 	        27924.2334535 
23 	     11.000 	            0.0004034 	            0.0000179 	        27925.5635438 
24 	     11.500 	            0.0004214 	            0.0000179 	        27925.0343010 
25 	     12.000 	            0.0004393 	            0.0000179 	        27925.5769903 
26 	     12.500 	            0.0004572 	            0.0000179 	        27925.1940531 
27 	     13.000 	            0.0004751 	            0.0000179 	        27924.8946901 
28 	     13.500 	            0.0004930 	            0.0000179 	        27924.8602661 
29 	     14.000 	            0.0005109 	            0.0000179 	        27924.9508230 
30 	     14.500 	            0.0005288 	            0.0000179 	        27924.4454291 
31 	     15.000 	            0.0005467 	            0.0000179 	        27925.4194997 
32 	     15.500 	            0.0005646 	            0.0000179 	        27925.0575096 
33 	     16.000 	            0.0005825 	            0.0000179 	        27924.9607735 
34 	     16.500 	            0.0006004 	            0.0000179 	        27925.2023857 
35 	     17.000 	            0.0006183 	            0.0000179 	        27924.8964060 
36 	     17.500 	            0.0006362 	            0.0000179 	        27924.9077545 
37 	     18.000 	            0.0006541 	            0.0000179 	        27925.0984011 
38 	     18.500 	            0.0006720 	            0.0000179 	        27924.6619789 
39 	     19.000 	            0.0006899 	            0.0000179 	        27925.1152914 
40 	     19.500 	            0.0007078 	            0.0000179 	        27924.6572809 
41 	     20.000 	            0.0007258 	            0.0000179 	        27924.5049441 
42 	     20.500 	            0.0007437 	            0.0000179 	        27924.8390051 
43 	     21.000 	            0.0007616 	            0.0000179 	        27925.0711692 
44 	     21.500 	            0.0007795 	            0.0000179 	        27924.8672312 
45 	     22.000 	            0.0007974 	            0.0000179 	        27924.8779281 
46 	     22.500 	            0.0008153 	            0.0000179 	        27924.6137184 
47 	     23.000 	            0.0008332 	            0.0000179 	        27924.6531400 
48 	     23.500 	            0.0008511 	            0.0000179 	        27924.6181294 
49 	     24.000 	            0.0008690 	            0.0000179 	        27924.6761293 
50 	     24.500 	            0.0008869 	            0.0000179 	        27924.6166517 
51 	     25.000 	            0.0009048 	            0.0000179 	        27924.8703589 
52 	     25.500 	            0.0009227 	            0.0000179 	        27924.4887717 
53 	     26.000 	            0.0009406 	            0.0000179 	        27924.4349292 
54 	     26.500 	            0.0009585 	            0.0000179 	        27924.6158235 
55 	     27.000 	            0.0009764 	            0.0000179 	        27924.5809065 
56 	     27.500 	            0.0009943 	            0.0000179 	        27924.7285878 
57 	     28.000 	            0.0010122 	            0.0000179 	        27924.4981165 
58 	     28.500 	            0.0010301 	            0.0000179 	        27924.4795457 
59 	     29.000 	            0.0010480 	            0.0000179 	        27924.6379389 
60 	     29.500 	            0.0010660 	            0.0000179 	        27924.4585931 
61 	     30.000 	            0.0010839 	            0.0000179 	        27924.4296941 
62 	     30.500 	            0.0011018 	            0.0000179 	        27924.0350028 
63 	     31.000 	            0.0011197 	            0.0000179 	        27924.3156222 
64 	     31.500 	            0.0011376 	            0.0000179 	        27924.4083294 
65 	     32.000 	            0.0011555 	            0.0000179 	        27924.1055843 
66 	     32.500 	            0.0011734 	            0.0000179 	        27924.5518502 
67 	     33.000 	            0.0011913 	            0.0000179 	        27924.2787549 
68 	     33.500 	            0.0012092 	            0.0000179 	        27924.2126372 
69 	     34.000 	            0.0012271 	            0.0000179 	        27924.2167769 
70 	     34.500 	            0.0012450 	            0.0000179 	        27924.2548930 
71 	     35.000 	            0.0012629 	            0.0000179 	        27924.1012940 
72 	     35.500 	            0.0012808 	            0.0000179 	        27924.0957180 
73 	     36.000 	            0.0012987 	            0.0000179 	        27924.1983810 
74 	     36.500 	            0.0013167 	            0.0000179 	        27924.0394356 
75 	     37.000 	            0.0013346 	            0.0000179 	        27924.1485420 
76 	     37.500 	            0.0013525 	            0.0000179 	        27923.9723929 
77 	     38.000 	            0.0013704 	            0.0000179 	        27924.1028342 
78 	     38.500 	            0.0013883 	            0.0000179 	        27924.0060057 
79 	     39.000 	            0.0014062 	            0.0000179 	        27924.2624989 
80 	     39.500 	            0.0014241 	            0.0000179 	        27924.2190928 
81 	     40.000 	            0.0014420 	            0.0000179 	        27924.1505149 
82 	     40.500 	            0.0014599 	            0.0000179 	        27923.9680125 
83 	     41.000 	            0.0014778 	            0.0000179 	        27924.1756615 
84 	     41.500 	            0.0014957 	            0.0000179 	        27923.8491879 
85 	     42.000 	            0.0015136 	            0.0000179 	        27924.2324556 
86 	     42.500 	            0.0015315 	            0.0000179 	        27924.0073682 
87 	     43.000 	            0.0015494 	            0.0000179 	        27923.7311507 
88 	     43.500 	            0.0015673 	            0.0000179 	        27924.2198529 
89 	     44.000 	            0.0015852 	            0.0000179 	        27923.9566803 
90 	     44.500 	            0.0016032 	            0.0000179 	        27923.9364339 
91 	     45.000 	            0.0016210 	            0.0000179 	        27924.2408992 
92 	     45.500 	            0.0016390 	            0.0000179 	        27924.1818816 
93 	     46.000 	            0.0016569 	            0.0000180 	        27923.2923705 
94 	     46.500 	            0.0016748 	            0.0000179 	        27923.5394296 
95 	     47.000 	            0.0016927 	            0.0000179 	        27924.1061156 
96 	     47.500 	            0.0017106 	            0.0000179 	        27923.9286991 
97 	     48.000 	            0.0017285 	            0.0000179 	        27923.9342601 
98 	     48.500 	            0.0017464 	            0.0000179 	        27924.1401692 
99 	     49.000 	            0.0017643 	            0.0000179 	        27924.0884002 
100 	     49.500 	            0.0017822 	            0.0000179 	        27923.8916663 
101 	     50.000 	            0.0018001 	            0.0000179 	        27923.9023872 
102 	     50.500 	            0.0018180 	            0.0000179 	        27923.7666023 
103 	     51.000 	            0.0018359 	            0.0000179 	        27923.7695400 
104 	     51.500 	            0.0018538 	            0.0000179 	        27923.9656277 
105 	     52.000 	            0.0018717 	            0.0000179 	        27923.9129967 
106 	     52.500 	            0.0018897 	            0.0000179 	        27923.8796445 
107 	     53.000 	            0.0019075 	            0.0000179 	        27924.1100405 
108 	     53.500 	            0.0019255 	            0.0000179 	        27924.0430333 
109 	     54.000 	            0.0019433 	            0.0000179 	        27924.1548935 
110 	     54.500 	            0.0019613 	            0.0000179 	        27923.8204883 
111 	     55.000 	            0.0019792 	            0.0000179 	        27924.1536713 
112 	     55.500 	            0.0019971 	            0.0000179 	        27924.3104050 
113 	     56.000 	            0.0020150 	            0.0000179 	        27924.0803731 
114 	     56.500 	            0.0020329 	            0.0000179 	        27923.9807138 
115 	     57.000 	            0.0020508 	            0.0000179 	        27923.9871963 
116 	     57.500 	            0.0020687 	            0.0000179 	        27923.8140961 
117 	     58.000 	            0.0020866 	            0.0000179 	        27923.9079914 
118 	     58.500 	            0.0021045 	            0.0000179 	        27923.9809329 
119 	     59.000 	            0.0021224 	            0.0000179 	        27924.1790167 
120 	     59.500 	            0.0021403 	            0.0000179 	        27923.9679332 
121 	     60.000 	            0.0021582 	            0.0000179 	        27924.1457183 
122 	     60.500 	            0.0021761 	            0.0000179 	        27923.8782521 
123 	     61.000 	            0.0021940 	            0.0000179 	        27924.1949320 
124 	     61.500 	            0.0022119 	            0.0000179 	        27924.3447925 
125 	     62.000 	            0.0022298 	            0.0000179 	        27924.1919828 
126 	     62.500 	            0.0022477 	            0.0000179 	        27924.2473115 
127 	     63.000 	            0.0022656 	            0.0000179 	        27924.2892564 
128 	     63.500 	            0.0022835 	            0.0000179 	        27924.3762311 
129 	     64.000 	            0.0023015 	            0.0000179 	        27924.0009916 
130 	     64.500 	            0.0023194 	            0.0000179 	        27924.0647952 
131 	     65.000 	            0.0023373 	            0.0000179 	        27924.3148367 
132 	     65.500 	            0.0023552 	            0.0000179 	        27924.1802302 
133 	     66.000 	            0.0023731 	            0.0000179 	        27924.2763730 
134 	     66.500 	            0.0023910 	            0.0000179 	        27924.3733861 
135 	     67.000 	            0.0024089 	            0.0000179 	        27924.4020717 
136 	     67.500 	            0.0024268 	            0.0000179 	        27924.2395970 
137 	     68.000 	            0.0024447 	            0.0000179 	        27924.2146751 
138 	     68.500 	            0.0024626 	            0.0000179 	        27924.2902639 
139 	     69.000 	            0.0024805 	            0.0000179 	        27924.1468159 
140 	     69.500 	            0.0024984 	            0.0000179 	        27924.5077245 
141 	     70.000 	            0.0025163 	            0.0000179 	        27924.2192091 
142 	     70.500 	            0.0025342 	            0.0000179 	        27924.2796054 
143 	     71.000 	            0.0025521 	            0.0000179 	        27924.4868638 
144 	     71.500 	            0.0025700 	            0.0000179 	        27924.1782540 
145 	     72.000 	            0.0025879 	            0.0000179 	        27924.2460671 
146 	     72.500 	            0.0026058 	            0.0000179 	        27924.3062992 
147 	     73.000 	            0.0026237 	            0.0000179 	        27924.5357133 
148 	     73.500 	            0.0026417 	            0.0000179 	        27924.2212050 
149 	     74.000 	            0.0026596 	            0.0000179 	        27924.3843290 
150 	     74.500 	            0.0026775 	            0.0000179 	        27924.2300926 
151 	     75.000 	            0.0026953 	            0.0000179 	        27924.6935374 
152 	     75.500 	            0.0027133 	            0.0000179 	        27924.3434383 
153 	     76.000 	            0.0027312 	            0.0000179 	        27924.5114620 
154 	     76.500 	            0.0027491 	            0.0000179 	        27924.5687371 
155 	     77.000 	            0.0027670 	            0.0000179 	        27924.6479674 
156 	     77.500 	            0.0027849 	            0.0000179 	        27924.4115364 
157 	     78.000 	            0.0028028 	            0.0000179 	        27924.4872673 
158 	     78.500 	            0.0028207 	            0.0000179 	        27924.2881959 
159 	     79.000 	            0.0028386 	            0.0000179 	        27924.6806922 
160 	     79.500 	            0.0028565 	            0.0000179 	        27924.3706361 
161 	     80.000 	            0.0028744 	            0.0000179 	        27924.7117372 
162 	     80.500 	            0.0028923 	            0.0000179 	        27924.8252842 
163 	     81.000 	            0.0029102 	            0.0000180 	        27924.2155169 
164 	     81.500 	            0.0029281 	            0.0000179 	        27924.2590424 
165 	     82.000 	            0.0029460 	            0.0000179 	        27924.4182941 
166 	     82.500 	            0.0029640 	            0.0000179 	        27924.2565967 
167 	     83.000 	            0.0029818 	            0.0000179 	        27924.5925677 
168 	     83.500 	            0.0029998 	            0.0000179 	        27924.3943964 
169 	     84.000 	            0.0030177 	            0.0000179 	        27924.2108220 
170 	     84.500 	            0.0030355 	            0.0000179 	        27924.5982378 
171 	     85.000 	            0.0030535 	            0.0000179 	        27924.5497786 
172 	     85.500 	            0.0030714 	            0.0000179 	        27924.3236491 
173 	     86.000 	            0.0030892 	            0.0000179 	        27924.7361690 
174 	     86.500 	            0.0031072 	            0.0000179 	        27924.6084788 
175 	     87.000 	            0.0031251 	            0.0000179 	        27924.2836171 
176 	     87.500 	            0.0031430 	            0.0000179 	        27924.5719754 
177 	     88.000 	            0.0031609 	            0.0000179 	        27924.2274249 
178 	     88.500 	            0.0031788 	            0.0000179 	        27924.4106522 
179 	     89.000 	            0.0031967 	            0.0000179 	        27924.4358825 
180 	     89.500 	            0.0032146 	            0.0000179 	        27924.4072846 
181 	     90.000 	            0.0032325 	            0.0000179 	        27924.4021155 
182 	     90.500 	            0.0032504 	            0.0000179 	        27924.4381051 
183 	     91.000 	            0.0032683 	            0.0000179 	        27924.6783036 
184 	     91.500 	            0.0032862 	            0.0000179 	        27924.8232495 
185 	     92.000 	            0.0033042 	            0.0000180 	        27924.1565175 
186 	     92.500 	            0.0033221 	            0.0000179 	        27924.3089482 
187 	     93.000 	            0.0033399 	            0.0000179 	        27924.7101827 
188 	     93.500 	            0.0033579 	            0.0000179 	        27924.3888630 
189 	     94.000 	            0.0033758 	            0.0000179 	        27924.4805832 
190 	     94.500 	            0.0033937 	            0.0000179 	        27924.4267044 
191 	     95.000 	            0.0034116 	            0.0000180 	        27924.0436207 
192 	     95.500 	            0.0034295 	            0.0000179 	        27923.9670074 
193 	     96.000 	            0.0034474 	            0.0000178 	        27924.4763209 
194 	     96.500 	            0.0034653 	            0.0000179 	        27924.7476926 
195 	     97.000 	            0.0034832 	            0.0000180 	        27924.1199860 
196 	     97.500 	            0.0035011 	            0.0000179 	        27924.4545507 
197 	     98.000 	            0.0035190 	            0.0000179 	        27924.4474556 
198 	     98.500 	            0.0035369 	            0.0000179 	        27924.3979102 
199 	     99.000 	            0.0035548 	            0.0000179 	        27924.2173843 
200 	     99.500 	            0.0035728 	            0.0000179 	        27923.9082686 
201 	    100.000 	            0.0035906 	            0.0000178 	        27924.4123679 
202 	    100.500 	            0.0036085 	            0.0000179 	        27924.4045414 
203 	    101.000 	            0.0036265 	            0.0000179 	        27924.1041453 
204 	    101.500 	            0.0036444 	            0.0000179 	        27924.3283855 
205 	    102.000 	            0.0036623 	            0.0000179 	        27924.2212776 
206 	    102.500 	            0.0036802 	            0.0000179 	        27924.4395377 
207 	    103.000 	            0.0036981 	            0.0000179 	        27924.3063688 
208 	    103.500 	            0.0037160 	            0.0000179 	        27924.1963747 
209 	    104.000 	            0.0037339 	            0.0000179 	        27924.1503130 
210 	    104.500 	            0.0037518 	            0.0000179 	        27924.4582494 
211 	    105.000 	            0.0037697 	            0.0000180 	        27923.9977283 
212 	    105.500 	            0.0037876 	            0.0000179 	        27924.0311642 
213 	    106.000 	            0.0038056 	            0.0000179 	        27923.9409659 
214 	    106.500 	            0.0038234 	            0.0000179 	        27924.2309699 
215 	    107.000 	            0.0038414 	            0.0000179 	        27923.9335521 
216 	    107.500 	            0.0038593 	            0.0000179 	        27923.7078178 
217 	    108.000 	            0.0038771 	            0.0000178 	        27924.2352798 
218 	    108.500 	            0.0038951 	            0.0000180 	        27923.8247355 
219 	    109.000 	            0.0039130 	            0.0000179 	        27923.9512373 
220 	    109.500 	            0.0039309 	            0.0000179 	        27923.9773420 
221 	    110.000 	            0.0039488 	            0.0000179 	        27924.1343923 
222 	    110.500 	            0.0039667 	            0.0000179 	        27923.9519291 
223 	    111.000 	            0.0039845 	            0.0000178 	        27924.6528829 
224 	    111.500 	            0.0040025 	            0.0000180 	        27924.0874832 
225 	    112.000 	            0.0040204 	            0.0000179 	        27923.8389462 
226 	    112.500 	            0.0040384 	            0.0000179 	        27923.6079090 
227 	    113.000 	            0.0040563 	            0.0000179 	        27923.8375007 
228 	    113.500 	            0.0040742 	            0.0000179 	        27923.7507687 
229 	    114.000 	            0.0040921 	            0.0000179 	        27923.6998987 
230 	    114.500 	            0.0041100 	            0.0000179 	        27923.9784788 
231 	    115.000 	            0.0041280 	            0.0000180 	        27923.3213775 
232 	    115.500 	            0.0041458 	            0.0000179 	        27923.6573373 
233 	    116.000 	            0.0041637 	            0.0000179 	        27923.5124609 
234 	    116.500 	            0.0041816 	            0.0000179 	        27923.6757406 
235 	    117.000 	            0.0041996 	            0.0000180 	        27923.3139345 
236 	    117.500 	            0.0042174 	            0.0000178 	        27923.9275827 
237 	    118.000 	            0.0042353 	            0.0000179 	        27923.8345444 
238 	    118.500 	            0.0042533 	            0.0000180 	        27923.4102619 
239 	    119.000 	            0.0042712 	            0.0000179 	        27923.2313089 
240 	    119.500 	            0.0042891 	            0.0000179 	        27923.5748357 
241 	    120.000 	            0.0043071 	            0.0000180 	        27922.9816627 
242 	    120.500 	            0.0043249 	            0.0000178 	        27923.4799014 
243 	    121.000 	            0.0043428 	            0.0000179 	        27923.2382018 
244 	    121.500 	            0.0043607 	            0.0000179 	        27923.5259470 
245 	    122.000 	            0.0043786 	            0.0000179 	        27923.6818437 
246 	    122.500 	            0.0043966 	            0.0000180 	        27923.1786961 
247 	    123.000 	            0.0044145 	            0.0000179 	        27923.2866889 
248 	    123.500 	            0.0044324 	            0.0000179 	        27923.0696849 
249 	    124.000 	            0.0044504 	            0.0000180 	        27922.4374804 
250 	    124.500 	            0.0044682 	            0.0000178 	        27923.0532998 
251 	    125.000 	            0.0044861 	            0.0000179 	        27923.0699515 
252 	    125.500 	            0.0045041 	            0.0000180 	        27922.5241769 
253 	    126.000 	            0.0045220 	            0.0000179 	        27922.8502286 
254 	    126.500 	            0.0045399 	            0.0000179 	        27922.6855017 
255 	    127.000 	            0.0045578 	            0.0000179 	        27922.8092365 
256 	    127.500 	            0.0045758 	            0.0000180 	        27922.3486784 
257 	    128.000 	            0.0045937 	            0.0000179 	        27922.3428426 
258 	    128.500 	            0.0046115 	            0.0000178 	        27923.1378045 
259 	    129.000 	            0.0046294 	            0.0000180 	        27922.6623689 
260 	    129.500 	            0.0046474 	            0.0000179 	        27922.4915027 
261 	    130.000 	            0.0046653 	            0.0000179 	        27922.4220877 
262 	    130.500 	            0.0046832 	            0.0000179 	        27922.5600735 
263 	    131.000 	            0.0047011 	            0.0000179 	        27922.5998798 
264 	    131.500 	            0.0047190 	            0.0000179 	        27922.7941058 
265 	    132.000 	            0.0047369 	            0.0000179 	        27922.6116126 
266 	    132.500 	            0.0047547 	            0.0000178 	        27923.2156551 
267 	    133.000 	            0.0047727 	            0.0000180 	        27922.3969289 
268 	    133.500 	            0.0047907 	            0.0000179 	        27922.1675817 
269 	    134.000 	            0.0048086 	            0.0000179 	        27921.9525388 
270 	    134.500 	            0.0048265 	            0.0000179 	        27922.1782301 
271 	    135.000 	            0.0048444 	            0.0000179 	        27922.0193152 
272 	    135.500 	            0.0048624 	            0.0000180 	        27921.6502965 
273 	    136.000 	            0.0048802 	            0.0000178 	        27922.2735242 
274 	    136.500 	            0.0048982 	            0.0000180 	        27921.7406169 
275 	    137.000 	            0.0049161 	            0.0000179 	        27921.7157639 
276 	    137.500 	            0.0049340 	            0.0000179 	        27921.9220509 
277 	    138.000 	            0.0049519 	            0.0000179 	        27921.7948802 
278 	    138.500 	            0.0049698 	            0.0000179 	        27921.7971264 
279 	    139.000 	            0.0049878 	            0.0000180 	        27921.4317821 
