# Zc 	 Nc 	 t0 (s) 	 elapsed time (s) 	 F (Hz) 
1 	      0.000 	            0.0000104 	            0.0000000 	            0.0000000 
2 	      0.500 	            0.0000283 	            0.0000179 	        27895.8920326 
3 	      1.000 	            0.0000462 	            0.0000179 	        27920.5270952 
4 	      1.500 	            0.0000641 	            0.0000179 	        27921.8467876 
5 	      2.000 	            0.0000820 	            0.0000179 	        27921.7853671 
6 	      2.500 	            0.0000999 	            0.0000179 	        27918.4203507 
7 	      3.000 	            0.0001178 	            0.0000179 	        27921.2724935 
8 	      3.500 	            0.0001357 	            0.0000179 	        27921.8224150 
9 	      4.000 	            0.0001536 	            0.0000179 	        27925.6334438 
10 	      4.500 	            0.0001715 	            0.0000179 	        27922.8617487 
11 	      5.000 	            0.0001894 	            0.0000179 	        27925.7521454 
12 	      5.500 	            0.0002073 	            0.0000179 	        27923.6711063 
13 	      6.000 	            0.0002252 	            0.0000179 	        27924.3774021 
14 	      6.500 	            0.0002431 	            0.0000179 	        27922.7834253 
15 	      7.000 	            0.0002610 	            0.0000179 	        27923.8827270 
16 	      7.500 	            0.0002789 	            0.0000179 	        27924.7038190 
17 	      8.000 	            0.0002968 	            0.0000179 	        27925.6224537 
18 	      8.500 	            0.0003147 	            0.0000179 	        27924.8339591 
19 	      9.000 	            0.0003326 	            0.0000179 	        27925.3302560 
20 	      9.500 	            0.0003506 	            0.0000179 	        27924.8490267 
21 	     10.000 	            0.0003685 	            0.0000179 	        27925.6013090 
22 	     10.500 	            0.0003864 	            0.0000179 	        27923.8811628 
23 	     11.000 	            0.0004043 	            0.0000179 	        27924.3538460 
24 	     11.500 	            0.0004222 	            0.0000179 	        27924.6074371 
25 	     12.000 	            0.0004401 	            0.0000179 	        27925.8598520 
26 	     12.500 	            0.0004580 	            0.0000179 	        27924.1757323 
27 	     13.000 	            0.0004759 	            0.0000179 	        27924.8844134 
28 	     13.500 	            0.0004938 	            0.0000179 	        27924.3851290 
29 	     14.000 	            0.0005117 	            0.0000179 	        27925.4422842 
30 	     14.500 	            0.0005296 	            0.0000179 	        27924.0983314 
31 	     15.000 	            0.0005475 	            0.0000179 	        27924.9346218 
32 	     15.500 	            0.0005654 	            0.0000179 	        27924.4277349 
33 	     16.000 	            0.0005833 	            0.0000179 	        27924.7432645 
34 	     16.500 	            0.0006013 	            0.0000179 	        27923.7975247 
35 	     17.000 	            0.0006191 	            0.0000179 	        27925.2002487 
36 	     17.500 	            0.0006371 	            0.0000179 	        27924.3488011 
37 	     18.000 	            0.0006549 	            0.0000179 	        27924.6630438 
38 	     18.500 	            0.0006728 	            0.0000179 	        27924.9420901 
39 	     19.000 	            0.0006908 	            0.0000179 	        27924.7991046 
40 	     19.500 	            0.0007087 	            0.0000179 	        27924.6142790 
41 	     20.000 	            0.0007266 	            0.0000179 	        27924.8984760 
42 	     20.500 	            0.0007445 	            0.0000179 	        27924.5654270 
43 	     21.000 	            0.0007624 	            0.0000179 	        27924.6911402 
44 	     21.500 	            0.0007803 	            0.0000179 	        27924.2332207 
45 	     22.000 	            0.0007982 	            0.0000179 	        27924.5671526 
46 	     22.500 	            0.0008161 	            0.0000179 	        27924.2318106 
47 	     23.000 	            0.0008340 	            0.0000179 	        27924.4186091 
48 	     23.500 	            0.0008519 	            0.0000179 	        27924.2239933 
49 	     24.000 	            0.0008698 	            0.0000179 	        27924.4755926 
50 	     24.500 	            0.0008877 	            0.0000179 	        27924.1416536 
51 	     25.000 	            0.0009056 	            0.0000179 	        27924.4867796 
52 	     25.500 	            0.0009235 	            0.0000179 	        27924.2421172 
53 	     26.000 	            0.0009414 	            0.0000179 	        27924.5912464 
54 	     26.500 	            0.0009594 	            0.0000179 	        27924.3305132 
55 	     27.000 	            0.0009773 	            0.0000179 	        27924.3644107 
56 	     27.500 	            0.0009952 	            0.0000179 	        27924.1531609 
57 	     28.000 	            0.0010131 	            0.0000179 	        27924.3728647 
58 	     28.500 	            0.0010310 	            0.0000179 	        27924.3391834 
59 	     29.000 	            0.0010489 	            0.0000179 	        27924.3161119 
60 	     29.500 	            0.0010668 	            0.0000179 	        27924.0707692 
61 	     30.000 	            0.0010847 	            0.0000179 	        27924.3621368 
62 	     30.500 	            0.0011026 	            0.0000179 	        27924.2200355 
63 	     31.000 	            0.0011205 	            0.0000179 	        27924.5425595 
64 	     31.500 	            0.0011384 	            0.0000179 	        27924.0518738 
65 	     32.000 	            0.0011563 	            0.0000179 	        27924.2780967 
66 	     32.500 	            0.0011742 	            0.0000179 	        27924.2104485 
67 	     33.000 	            0.0011921 	            0.0000179 	        27924.5604324 
68 	     33.500 	            0.0012101 	            0.0000179 	        27923.7391008 
69 	     34.000 	            0.0012279 	            0.0000179 	        27924.2447671 
70 	     34.500 	            0.0012459 	            0.0000179 	        27923.9293661 
71 	     35.000 	            0.0012637 	            0.0000179 	        27924.2471466 
72 	     35.500 	            0.0012817 	            0.0000179 	        27923.9648071 
73 	     36.000 	            0.0012996 	            0.0000179 	        27924.2354931 
74 	     36.500 	            0.0013175 	            0.0000179 	        27923.8027449 
75 	     37.000 	            0.0013354 	            0.0000179 	        27924.1686053 
76 	     37.500 	            0.0013533 	            0.0000179 	        27924.0874380 
77 	     38.000 	            0.0013712 	            0.0000179 	        27923.8678035 
78 	     38.500 	            0.0013891 	            0.0000179 	        27923.8426120 
79 	     39.000 	            0.0014070 	            0.0000179 	        27924.1963640 
80 	     39.500 	            0.0014249 	            0.0000179 	        27923.9485169 
81 	     40.000 	            0.0014428 	            0.0000179 	        27923.9796604 
82 	     40.500 	            0.0014607 	            0.0000179 	        27923.8227440 
83 	     41.000 	            0.0014786 	            0.0000179 	        27924.0415534 
84 	     41.500 	            0.0014966 	            0.0000179 	        27923.6318171 
85 	     42.000 	            0.0015144 	            0.0000179 	        27924.0609627 
86 	     42.500 	            0.0015324 	            0.0000179 	        27923.9028302 
87 	     43.000 	            0.0015502 	            0.0000179 	        27924.1263733 
88 	     43.500 	            0.0015682 	            0.0000179 	        27923.6673396 
89 	     44.000 	            0.0015861 	            0.0000179 	        27924.0587674 
90 	     44.500 	            0.0016040 	            0.0000179 	        27924.0422133 
91 	     45.000 	            0.0016219 	            0.0000179 	        27923.9918726 
92 	     45.500 	            0.0016398 	            0.0000179 	        27923.8839202 
93 	     46.000 	            0.0016577 	            0.0000179 	        27923.8736135 
94 	     46.500 	            0.0016756 	            0.0000179 	        27923.7486914 
95 	     47.000 	            0.0016935 	            0.0000179 	        27924.1073498 
96 	     47.500 	            0.0017114 	            0.0000179 	        27923.7200942 
97 	     48.000 	            0.0017293 	            0.0000179 	        27924.0958697 
98 	     48.500 	            0.0017472 	            0.0000179 	        27923.5833345 
99 	     49.000 	            0.0017651 	            0.0000179 	        27924.0172636 
100 	     49.500 	            0.0017830 	            0.0000179 	        27923.6825377 
101 	     50.000 	            0.0018009 	            0.0000179 	        27923.7179527 
102 	     50.500 	            0.0018189 	            0.0000179 	        27923.4686391 
103 	     51.000 	            0.0018368 	            0.0000179 	        27923.7067718 
104 	     51.500 	            0.0018547 	            0.0000179 	        27923.9620559 
105 	     52.000 	            0.0018726 	            0.0000179 	        27923.7410492 
106 	     52.500 	            0.0018905 	            0.0000179 	        27923.7122509 
107 	     53.000 	            0.0019084 	            0.0000179 	        27923.8501911 
108 	     53.500 	            0.0019263 	            0.0000179 	        27923.6908860 
109 	     54.000 	            0.0019442 	            0.0000179 	        27923.8691518 
110 	     54.500 	            0.0019621 	            0.0000179 	        27923.8569303 
111 	     55.000 	            0.0019800 	            0.0000179 	        27924.0164468 
112 	     55.500 	            0.0019979 	            0.0000179 	        27923.6979513 
113 	     56.000 	            0.0020158 	            0.0000179 	        27924.0145495 
114 	     56.500 	            0.0020337 	            0.0000179 	        27923.9908263 
115 	     57.000 	            0.0020516 	            0.0000179 	        27924.1934782 
116 	     57.500 	            0.0020695 	            0.0000179 	        27924.2214464 
117 	     58.000 	            0.0020874 	            0.0000179 	        27923.8543482 
118 	     58.500 	            0.0021053 	            0.0000179 	        27923.9690237 
119 	     59.000 	            0.0021232 	            0.0000179 	        27923.9400693 
120 	     59.500 	            0.0021411 	            0.0000179 	        27923.9423469 
121 	     60.000 	            0.0021591 	            0.0000179 	        27923.7918229 
122 	     60.500 	            0.0021770 	            0.0000179 	        27924.0137254 
123 	     61.000 	            0.0021949 	            0.0000179 	        27923.9112356 
124 	     61.500 	            0.0022128 	            0.0000179 	        27923.7304468 
125 	     62.000 	            0.0022307 	            0.0000179 	        27924.0253888 
126 	     62.500 	            0.0022486 	            0.0000179 	        27923.9904971 
127 	     63.000 	            0.0022665 	            0.0000179 	        27923.7480127 
128 	     63.500 	            0.0022844 	            0.0000179 	        27923.9182903 
129 	     64.000 	            0.0023023 	            0.0000179 	        27923.9177439 
130 	     64.500 	            0.0023202 	            0.0000179 	        27924.1049004 
131 	     65.000 	            0.0023381 	            0.0000179 	        27924.0370848 
132 	     65.500 	            0.0023560 	            0.0000179 	        27923.7684639 
133 	     66.000 	            0.0023739 	            0.0000179 	        27924.0008737 
134 	     66.500 	            0.0023918 	            0.0000179 	        27924.1509090 
135 	     67.000 	            0.0024097 	            0.0000179 	        27923.8914899 
136 	     67.500 	            0.0024276 	            0.0000179 	        27924.0161105 
137 	     68.000 	            0.0024455 	            0.0000179 	        27924.2028696 
138 	     68.500 	            0.0024634 	            0.0000179 	        27924.2345903 
139 	     69.000 	            0.0024813 	            0.0000179 	        27924.1432814 
140 	     69.500 	            0.0024993 	            0.0000179 	        27923.8163932 
141 	     70.000 	            0.0025172 	            0.0000179 	        27923.9856571 
142 	     70.500 	            0.0025350 	            0.0000179 	        27924.2521193 
143 	     71.000 	            0.0025530 	            0.0000179 	        27923.9844668 
144 	     71.500 	            0.0025709 	            0.0000179 	        27923.8711028 
145 	     72.000 	            0.0025888 	            0.0000179 	        27924.3193820 
146 	     72.500 	            0.0026067 	            0.0000179 	        27924.1133288 
147 	     73.000 	            0.0026246 	            0.0000179 	        27924.2509585 
148 	     73.500 	            0.0026425 	            0.0000179 	        27923.9550039 
149 	     74.000 	            0.0026604 	            0.0000179 	        27924.2290261 
150 	     74.500 	            0.0026783 	            0.0000179 	        27924.6386597 
151 	     75.000 	            0.0026962 	            0.0000179 	        27924.3470938 
152 	     75.500 	            0.0027141 	            0.0000179 	        27924.4072495 
153 	     76.000 	            0.0027320 	            0.0000179 	        27924.2411023 
154 	     76.500 	            0.0027499 	            0.0000179 	        27924.1927155 
155 	     77.000 	            0.0027678 	            0.0000179 	        27924.2189244 
156 	     77.500 	            0.0027857 	            0.0000179 	        27924.3159331 
157 	     78.000 	            0.0028036 	            0.0000179 	        27924.4144654 
158 	     78.500 	            0.0028215 	            0.0000179 	        27924.4256707 
159 	     79.000 	            0.0028394 	            0.0000179 	        27924.4720996 
160 	     79.500 	            0.0028573 	            0.0000179 	        27924.3008559 
161 	     80.000 	            0.0028752 	            0.0000179 	        27924.5500450 
162 	     80.500 	            0.0028932 	            0.0000179 	        27924.2471611 
163 	     81.000 	            0.0029110 	            0.0000179 	        27924.5270002 
164 	     81.500 	            0.0029289 	            0.0000179 	        27924.7034994 
165 	     82.000 	            0.0029468 	            0.0000179 	        27924.5836208 
166 	     82.500 	            0.0029647 	            0.0000179 	        27924.8778264 
167 	     83.000 	            0.0029827 	            0.0000180 	        27924.3084131 
168 	     83.500 	            0.0030006 	            0.0000179 	        27924.2219459 
169 	     84.000 	            0.0030185 	            0.0000179 	        27924.3696787 
170 	     84.500 	            0.0030364 	            0.0000179 	        27924.1977268 
171 	     85.000 	            0.0030543 	            0.0000179 	        27924.3628216 
172 	     85.500 	            0.0030722 	            0.0000179 	        27924.4732491 
173 	     86.000 	            0.0030901 	            0.0000179 	        27924.1767774 
174 	     86.500 	            0.0031080 	            0.0000179 	        27924.6610101 
175 	     87.000 	            0.0031259 	            0.0000179 	        27924.2875964 
176 	     87.500 	            0.0031438 	            0.0000179 	        27924.3979511 
177 	     88.000 	            0.0031617 	            0.0000179 	        27924.5519351 
178 	     88.500 	            0.0031796 	            0.0000179 	        27924.6889633 
179 	     89.000 	            0.0031975 	            0.0000179 	        27924.4746523 
180 	     89.500 	            0.0032155 	            0.0000179 	        27924.1726373 
181 	     90.000 	            0.0032334 	            0.0000179 	        27924.2418212 
182 	     90.500 	            0.0032512 	            0.0000179 	        27924.4452814 
183 	     91.000 	            0.0032692 	            0.0000179 	        27924.3486198 
184 	     91.500 	            0.0032870 	            0.0000179 	        27924.7714392 
185 	     92.000 	            0.0033049 	            0.0000179 	        27924.6531271 
186 	     92.500 	            0.0033229 	            0.0000180 	        27924.1715884 
187 	     93.000 	            0.0033408 	            0.0000179 	        27924.4387974 
188 	     93.500 	            0.0033587 	            0.0000179 	        27924.3769714 
189 	     94.000 	            0.0033766 	            0.0000179 	        27924.2818659 
190 	     94.500 	            0.0033945 	            0.0000179 	        27924.6375320 
191 	     95.000 	            0.0034124 	            0.0000179 	        27924.4458550 
192 	     95.500 	            0.0034303 	            0.0000179 	        27924.3862691 
193 	     96.000 	            0.0034482 	            0.0000179 	        27924.5774362 
194 	     96.500 	            0.0034661 	            0.0000179 	        27924.6428486 
195 	     97.000 	            0.0034840 	            0.0000179 	        27924.4947833 
196 	     97.500 	            0.0035019 	            0.0000179 	        27924.3568823 
197 	     98.000 	            0.0035199 	            0.0000179 	        27924.1962900 
198 	     98.500 	            0.0035377 	            0.0000179 	        27924.4890912 
199 	     99.000 	            0.0035557 	            0.0000179 	        27924.2966051 
200 	     99.500 	            0.0035735 	            0.0000179 	        27924.4198872 
201 	    100.000 	            0.0035915 	            0.0000180 	        27924.0344339 
202 	    100.500 	            0.0036094 	            0.0000179 	        27924.3488715 
203 	    101.000 	            0.0036273 	            0.0000179 	        27924.3534901 
204 	    101.500 	            0.0036452 	            0.0000179 	        27924.4664354 
205 	    102.000 	            0.0036631 	            0.0000180 	        27924.1062184 
206 	    102.500 	            0.0036810 	            0.0000178 	        27924.5653869 
207 	    103.000 	            0.0036989 	            0.0000179 	        27924.2398665 
208 	    103.500 	            0.0037169 	            0.0000180 	        27923.9006145 
209 	    104.000 	            0.0037348 	            0.0000179 	        27923.9018529 
210 	    104.500 	            0.0037527 	            0.0000179 	        27923.9237523 
211 	    105.000 	            0.0037705 	            0.0000178 	        27924.3514268 
212 	    105.500 	            0.0037885 	            0.0000179 	        27924.0294234 
213 	    106.000 	            0.0038064 	            0.0000179 	        27924.0798159 
214 	    106.500 	            0.0038243 	            0.0000180 	        27923.7277946 
215 	    107.000 	            0.0038422 	            0.0000178 	        27924.1560769 
216 	    107.500 	            0.0038601 	            0.0000179 	        27923.9412654 
217 	    108.000 	            0.0038780 	            0.0000179 	        27923.7973884 
218 	    108.500 	            0.0038959 	            0.0000179 	        27923.7638380 
219 	    109.000 	            0.0039138 	            0.0000179 	        27923.7202188 
220 	    109.500 	            0.0039318 	            0.0000179 	        27923.5717431 
221 	    110.000 	            0.0039496 	            0.0000179 	        27923.9074467 
222 	    110.500 	            0.0039676 	            0.0000179 	        27923.6462060 
223 	    111.000 	            0.0039855 	            0.0000179 	        27923.7963989 
224 	    111.500 	            0.0040034 	            0.0000179 	        27923.8139389 
225 	    112.000 	            0.0040213 	            0.0000179 	        27923.6017364 
226 	    112.500 	            0.0040392 	            0.0000179 	        27923.5238360 
227 	    113.000 	            0.0040571 	            0.0000178 	        27923.9778082 
228 	    113.500 	            0.0040750 	            0.0000179 	        27923.8726698 
229 	    114.000 	            0.0040928 	            0.0000178 	        27924.5586900 
230 	    114.500 	            0.0041108 	            0.0000180 	        27923.6526293 
231 	    115.000 	            0.0041287 	            0.0000179 	        27923.5132757 
232 	    115.500 	            0.0041466 	            0.0000179 	        27923.7021179 
233 	    116.000 	            0.0041645 	            0.0000179 	        27923.6005266 
234 	    116.500 	            0.0041825 	            0.0000180 	        27923.2203757 
235 	    117.000 	            0.0042004 	            0.0000179 	        27923.0926332 
236 	    117.500 	            0.0042182 	            0.0000178 	        27923.7326012 
237 	    118.000 	            0.0042362 	            0.0000180 	        27923.3328287 
238 	    118.500 	            0.0042541 	            0.0000179 	        27923.1568649 
239 	    119.000 	            0.0042721 	            0.0000180 	        27922.8577661 
240 	    119.500 	            0.0042900 	            0.0000179 	        27922.9888211 
241 	    120.000 	            0.0043079 	            0.0000179 	        27922.7444765 
242 	    120.500 	            0.0043257 	            0.0000178 	        27923.5008864 
243 	    121.000 	            0.0043437 	            0.0000180 	        27923.2171005 
244 	    121.500 	            0.0043615 	            0.0000178 	        27923.7666185 
245 	    122.000 	            0.0043795 	            0.0000180 	        27923.0877847 
246 	    122.500 	            0.0043974 	            0.0000179 	        27923.0063733 
247 	    123.000 	            0.0044153 	            0.0000179 	        27923.3614560 
248 	    123.500 	            0.0044332 	            0.0000180 	        27922.9710754 
249 	    124.000 	            0.0044512 	            0.0000179 	        27922.8049341 
250 	    124.500 	            0.0044690 	            0.0000179 	        27923.0064094 
251 	    125.000 	            0.0044869 	            0.0000179 	        27923.0691876 
252 	    125.500 	            0.0045049 	            0.0000179 	        27922.8497228 
253 	    126.000 	            0.0045228 	            0.0000179 	        27922.6670654 
254 	    126.500 	            0.0045407 	            0.0000178 	        27923.0329499 
255 	    127.000 	            0.0045586 	            0.0000180 	        27922.6972124 
256 	    127.500 	            0.0045766 	            0.0000179 	        27922.5568584 
257 	    128.000 	            0.0045944 	            0.0000178 	        27922.9761894 
258 	    128.500 	            0.0046123 	            0.0000179 	        27922.7407919 
259 	    129.000 	            0.0046303 	            0.0000180 	        27922.1643354 
260 	    129.500 	            0.0046482 	            0.0000178 	        27922.6278654 
261 	    130.000 	            0.0046662 	            0.0000180 	        27921.8171751 
262 	    130.500 	            0.0046841 	            0.0000179 	        27921.8314136 
263 	    131.000 	            0.0047020 	            0.0000178 	        27922.2467509 
264 	    131.500 	            0.0047199 	            0.0000179 	        27922.2636233 
265 	    132.000 	            0.0047378 	            0.0000179 	        27922.1632894 
266 	    132.500 	            0.0047557 	            0.0000179 	        27922.3271805 
267 	    133.000 	            0.0047736 	            0.0000179 	        27922.2745524 
268 	    133.500 	            0.0047914 	            0.0000178 	        27922.7536075 
269 	    134.000 	            0.0048094 	            0.0000180 	        27922.2156479 
270 	    134.500 	            0.0048273 	            0.0000179 	        27922.5329122 
271 	    135.000 	            0.0048453 	            0.0000180 	        27921.7291244 
272 	    135.500 	            0.0048632 	            0.0000179 	        27921.8593353 
273 	    136.000 	            0.0048811 	            0.0000179 	        27921.7831766 
274 	    136.500 	            0.0048990 	            0.0000179 	        27921.8682933 
275 	    137.000 	            0.0049169 	            0.0000179 	        27921.7727572 
276 	    137.500 	            0.0049348 	            0.0000179 	        27921.7409768 
277 	    138.000 	            0.0049527 	            0.0000179 	        27922.0412819 
278 	    138.500 	            0.0049706 	            0.0000179 	        27921.9402588 
279 	    139.000 	            0.0049887 	            0.0000181 	        27920.8646875 
