# Zc 	 Nc 	 t0 (s) 	 elapsed time (s) 	 F (Hz) 
1 	      0.000 	            0.0000101 	            0.0000000 	            0.0000000 
2 	      0.500 	            0.0000280 	            0.0000179 	        27955.5602359 
3 	      1.000 	            0.0000459 	            0.0000179 	        27930.7909807 
4 	      1.500 	            0.0000638 	            0.0000179 	        27937.1386186 
5 	      2.000 	            0.0000817 	            0.0000179 	        27926.8828513 
6 	      2.500 	            0.0000996 	            0.0000179 	        27933.7278144 
7 	      3.000 	            0.0001175 	            0.0000179 	        27927.2270820 
8 	      3.500 	            0.0001354 	            0.0000179 	        27938.9346454 
9 	      4.000 	            0.0001533 	            0.0000180 	        27926.3974065 
10 	      4.500 	            0.0001712 	            0.0000179 	        27929.3513739 
11 	      5.000 	            0.0001891 	            0.0000179 	        27927.6126124 
12 	      5.500 	            0.0002070 	            0.0000179 	        27929.7443414 
13 	      6.000 	            0.0002249 	            0.0000179 	        27927.1457213 
14 	      6.500 	            0.0002428 	            0.0000179 	        27929.6482438 
15 	      7.000 	            0.0002607 	            0.0000179 	        27928.4261891 
16 	      7.500 	            0.0002786 	            0.0000179 	        27930.2820775 
17 	      8.000 	            0.0002965 	            0.0000179 	        27926.9935962 
18 	      8.500 	            0.0003144 	            0.0000179 	        27926.9349343 
19 	      9.000 	            0.0003324 	            0.0000179 	        27927.1787975 
20 	      9.500 	            0.0003502 	            0.0000179 	        27928.1577244 
21 	     10.000 	            0.0003681 	            0.0000179 	        27927.9138855 
22 	     10.500 	            0.0003860 	            0.0000179 	        27928.6590797 
23 	     11.000 	            0.0004040 	            0.0000179 	        27926.7769178 
24 	     11.500 	            0.0004219 	            0.0000179 	        27926.5460514 
25 	     12.000 	            0.0004398 	            0.0000179 	        27926.1434524 
26 	     12.500 	            0.0004577 	            0.0000179 	        27928.3919317 
27 	     13.000 	            0.0004756 	            0.0000179 	        27926.5438727 
28 	     13.500 	            0.0004935 	            0.0000179 	        27927.1454376 
29 	     14.000 	            0.0005114 	            0.0000179 	        27927.2172167 
30 	     14.500 	            0.0005293 	            0.0000179 	        27927.2766056 
31 	     15.000 	            0.0005472 	            0.0000179 	        27926.0522017 
32 	     15.500 	            0.0005651 	            0.0000179 	        27926.4850277 
33 	     16.000 	            0.0005830 	            0.0000179 	        27925.9167040 
34 	     16.500 	            0.0006009 	            0.0000179 	        27926.9586903 
35 	     17.000 	            0.0006188 	            0.0000179 	        27926.3258621 
36 	     17.500 	            0.0006367 	            0.0000179 	        27926.2678753 
37 	     18.000 	            0.0006546 	            0.0000179 	        27926.0333288 
38 	     18.500 	            0.0006725 	            0.0000179 	        27926.0260473 
39 	     19.000 	            0.0006905 	            0.0000179 	        27925.9622964 
40 	     19.500 	            0.0007084 	            0.0000179 	        27926.1461797 
41 	     20.000 	            0.0007263 	            0.0000179 	        27926.1483223 
42 	     20.500 	            0.0007442 	            0.0000179 	        27926.2047753 
43 	     21.000 	            0.0007621 	            0.0000179 	        27926.2103378 
44 	     21.500 	            0.0007800 	            0.0000179 	        27925.7237078 
45 	     22.000 	            0.0007979 	            0.0000179 	        27925.7964398 
46 	     22.500 	            0.0008158 	            0.0000179 	        27926.1934351 
47 	     23.000 	            0.0008337 	            0.0000179 	        27926.1203459 
48 	     23.500 	            0.0008516 	            0.0000179 	        27925.9031427 
49 	     24.000 	            0.0008695 	            0.0000179 	        27926.0005688 
50 	     24.500 	            0.0008874 	            0.0000179 	        27925.9746686 
51 	     25.000 	            0.0009053 	            0.0000179 	        27925.5519564 
52 	     25.500 	            0.0009232 	            0.0000179 	        27925.4910422 
53 	     26.000 	            0.0009411 	            0.0000179 	        27925.1437333 
54 	     26.500 	            0.0009590 	            0.0000179 	        27925.5875438 
55 	     27.000 	            0.0009769 	            0.0000179 	        27925.3102968 
56 	     27.500 	            0.0009948 	            0.0000179 	        27925.7554457 
57 	     28.000 	            0.0010128 	            0.0000179 	        27925.0938844 
58 	     28.500 	            0.0010307 	            0.0000179 	        27925.3938191 
59 	     29.000 	            0.0010486 	            0.0000179 	        27925.3605316 
60 	     29.500 	            0.0010665 	            0.0000179 	        27925.4503189 
61 	     30.000 	            0.0010844 	            0.0000179 	        27924.9187205 
62 	     30.500 	            0.0011023 	            0.0000179 	        27925.5849503 
63 	     31.000 	            0.0011202 	            0.0000179 	        27925.1681336 
64 	     31.500 	            0.0011381 	            0.0000179 	        27925.4843387 
65 	     32.000 	            0.0011560 	            0.0000179 	        27925.1142549 
66 	     32.500 	            0.0011739 	            0.0000179 	        27924.8564920 
67 	     33.000 	            0.0011918 	            0.0000179 	        27925.0050193 
68 	     33.500 	            0.0012097 	            0.0000179 	        27925.4686069 
69 	     34.000 	            0.0012276 	            0.0000179 	        27925.0381483 
70 	     34.500 	            0.0012455 	            0.0000179 	        27925.4024844 
71 	     35.000 	            0.0012634 	            0.0000179 	        27924.9936974 
72 	     35.500 	            0.0012813 	            0.0000179 	        27925.1307328 
73 	     36.000 	            0.0012992 	            0.0000179 	        27925.1102587 
74 	     36.500 	            0.0013172 	            0.0000179 	        27924.9916059 
75 	     37.000 	            0.0013351 	            0.0000179 	        27924.9880868 
76 	     37.500 	            0.0013530 	            0.0000179 	        27925.2660467 
77 	     38.000 	            0.0013709 	            0.0000179 	        27924.9047226 
78 	     38.500 	            0.0013888 	            0.0000179 	        27925.3575421 
79 	     39.000 	            0.0014067 	            0.0000179 	        27924.6274327 
80 	     39.500 	            0.0014246 	            0.0000179 	        27924.9278738 
81 	     40.000 	            0.0014425 	            0.0000179 	        27924.5667452 
82 	     40.500 	            0.0014604 	            0.0000179 	        27924.7670293 
83 	     41.000 	            0.0014783 	            0.0000179 	        27924.5134958 
84 	     41.500 	            0.0014962 	            0.0000179 	        27924.7547766 
85 	     42.000 	            0.0015141 	            0.0000179 	        27924.5132282 
86 	     42.500 	            0.0015320 	            0.0000179 	        27924.9191681 
87 	     43.000 	            0.0015499 	            0.0000179 	        27924.7942975 
88 	     43.500 	            0.0015678 	            0.0000179 	        27924.7977662 
89 	     44.000 	            0.0015858 	            0.0000179 	        27924.4477609 
90 	     44.500 	            0.0016036 	            0.0000179 	        27924.9089584 
91 	     45.000 	            0.0016216 	            0.0000179 	        27924.5689973 
92 	     45.500 	            0.0016394 	            0.0000179 	        27925.3241013 
93 	     46.000 	            0.0016574 	            0.0000180 	        27924.1177693 
94 	     46.500 	            0.0016753 	            0.0000179 	        27924.7937254 
95 	     47.000 	            0.0016932 	            0.0000179 	        27924.5740994 
96 	     47.500 	            0.0017111 	            0.0000179 	        27924.7404990 
97 	     48.000 	            0.0017290 	            0.0000179 	        27924.3803122 
98 	     48.500 	            0.0017469 	            0.0000179 	        27924.6534136 
99 	     49.000 	            0.0017648 	            0.0000179 	        27924.3490773 
100 	     49.500 	            0.0017827 	            0.0000179 	        27924.7841327 
101 	     50.000 	            0.0018006 	            0.0000179 	        27924.3857488 
102 	     50.500 	            0.0018185 	            0.0000179 	        27924.8764731 
103 	     51.000 	            0.0018364 	            0.0000179 	        27924.3857807 
104 	     51.500 	            0.0018543 	            0.0000179 	        27924.5540505 
105 	     52.000 	            0.0018723 	            0.0000179 	        27924.3997156 
106 	     52.500 	            0.0018901 	            0.0000179 	        27924.5805167 
107 	     53.000 	            0.0019081 	            0.0000179 	        27924.2003642 
108 	     53.500 	            0.0019260 	            0.0000179 	        27924.5693283 
109 	     54.000 	            0.0019439 	            0.0000179 	        27924.4986958 
110 	     54.500 	            0.0019618 	            0.0000179 	        27924.6841874 
111 	     55.000 	            0.0019797 	            0.0000179 	        27924.4905449 
112 	     55.500 	            0.0019976 	            0.0000179 	        27924.6379191 
113 	     56.000 	            0.0020155 	            0.0000179 	        27924.2020242 
114 	     56.500 	            0.0020334 	            0.0000179 	        27924.4759149 
115 	     57.000 	            0.0020513 	            0.0000179 	        27924.1672551 
116 	     57.500 	            0.0020692 	            0.0000179 	        27924.4455635 
117 	     58.000 	            0.0020871 	            0.0000179 	        27924.5095131 
118 	     58.500 	            0.0021050 	            0.0000179 	        27924.4913920 
119 	     59.000 	            0.0021230 	            0.0000179 	        27923.9623003 
120 	     59.500 	            0.0021408 	            0.0000179 	        27924.3617985 
121 	     60.000 	            0.0021588 	            0.0000179 	        27924.0897566 
122 	     60.500 	            0.0021766 	            0.0000179 	        27924.5036028 
123 	     61.000 	            0.0021946 	            0.0000179 	        27924.3597841 
124 	     61.500 	            0.0022124 	            0.0000179 	        27924.6135181 
125 	     62.000 	            0.0022304 	            0.0000180 	        27923.8257958 
126 	     62.500 	            0.0022483 	            0.0000179 	        27924.4710491 
127 	     63.000 	            0.0022662 	            0.0000179 	        27924.6208213 
128 	     63.500 	            0.0022841 	            0.0000179 	        27924.4902753 
129 	     64.000 	            0.0023020 	            0.0000179 	        27924.0520087 
130 	     64.500 	            0.0023199 	            0.0000179 	        27924.5188468 
131 	     65.000 	            0.0023378 	            0.0000179 	        27924.5357760 
132 	     65.500 	            0.0023557 	            0.0000179 	        27924.6358540 
133 	     66.000 	            0.0023736 	            0.0000179 	        27924.4406374 
134 	     66.500 	            0.0023915 	            0.0000179 	        27924.2823333 
135 	     67.000 	            0.0024094 	            0.0000179 	        27924.1753184 
136 	     67.500 	            0.0024273 	            0.0000179 	        27924.4025331 
137 	     68.000 	            0.0024452 	            0.0000179 	        27924.4671867 
138 	     68.500 	            0.0024631 	            0.0000179 	        27924.2781958 
139 	     69.000 	            0.0024810 	            0.0000179 	        27924.4593888 
140 	     69.500 	            0.0024989 	            0.0000179 	        27924.4910634 
141 	     70.000 	            0.0025169 	            0.0000179 	        27924.3959825 
142 	     70.500 	            0.0025347 	            0.0000178 	        27925.1909300 
143 	     71.000 	            0.0025526 	            0.0000179 	        27924.8666275 
144 	     71.500 	            0.0025705 	            0.0000179 	        27925.1149727 
145 	     72.000 	            0.0025885 	            0.0000179 	        27924.6471501 
146 	     72.500 	            0.0026064 	            0.0000179 	        27924.6534136 
147 	     73.000 	            0.0026242 	            0.0000179 	        27925.0271516 
148 	     73.500 	            0.0026422 	            0.0000180 	        27924.4765931 
149 	     74.000 	            0.0026601 	            0.0000179 	        27924.8803694 
150 	     74.500 	            0.0026780 	            0.0000179 	        27924.8583960 
151 	     75.000 	            0.0026959 	            0.0000179 	        27924.5814640 
152 	     75.500 	            0.0027138 	            0.0000179 	        27924.7455035 
153 	     76.000 	            0.0027317 	            0.0000179 	        27924.5679142 
154 	     76.500 	            0.0027496 	            0.0000179 	        27924.7575889 
155 	     77.000 	            0.0027675 	            0.0000179 	        27924.6278425 
156 	     77.500 	            0.0027854 	            0.0000179 	        27924.6911223 
157 	     78.000 	            0.0028033 	            0.0000179 	        27924.4259428 
158 	     78.500 	            0.0028212 	            0.0000178 	        27925.1620000 
159 	     79.000 	            0.0028391 	            0.0000180 	        27924.6092003 
160 	     79.500 	            0.0028570 	            0.0000179 	        27924.9543886 
161 	     80.000 	            0.0028749 	            0.0000179 	        27925.0285596 
162 	     80.500 	            0.0028929 	            0.0000180 	        27924.5443278 
163 	     81.000 	            0.0029108 	            0.0000179 	        27924.6136146 
164 	     81.500 	            0.0029287 	            0.0000179 	        27924.2669451 
165 	     82.000 	            0.0029466 	            0.0000179 	        27924.2450678 
166 	     82.500 	            0.0029644 	            0.0000178 	        27924.9943408 
167 	     83.000 	            0.0029823 	            0.0000179 	        27925.0441541 
168 	     83.500 	            0.0030003 	            0.0000179 	        27924.6347997 
169 	     84.000 	            0.0030182 	            0.0000179 	        27924.6758677 
170 	     84.500 	            0.0030361 	            0.0000179 	        27924.6961745 
171 	     85.000 	            0.0030540 	            0.0000179 	        27924.4404428 
172 	     85.500 	            0.0030719 	            0.0000179 	        27924.6387176 
173 	     86.000 	            0.0030897 	            0.0000178 	        27925.2473438 
174 	     86.500 	            0.0031077 	            0.0000179 	        27924.8475864 
175 	     87.000 	            0.0031256 	            0.0000179 	        27924.9973027 
176 	     87.500 	            0.0031435 	            0.0000179 	        27925.0028720 
177 	     88.000 	            0.0031614 	            0.0000180 	        27924.5545478 
178 	     88.500 	            0.0031793 	            0.0000179 	        27924.9210448 
179 	     89.000 	            0.0031972 	            0.0000179 	        27924.8064391 
180 	     89.500 	            0.0032151 	            0.0000179 	        27925.1510275 
181 	     90.000 	            0.0032329 	            0.0000179 	        27925.5505101 
182 	     90.500 	            0.0032509 	            0.0000180 	        27925.0826465 
183 	     91.000 	            0.0032689 	            0.0000180 	        27924.6422643 
184 	     91.500 	            0.0032867 	            0.0000179 	        27924.9897570 
185 	     92.000 	            0.0033046 	            0.0000179 	        27924.8964454 
186 	     92.500 	            0.0033225 	            0.0000179 	        27924.8565433 
187 	     93.000 	            0.0033404 	            0.0000179 	        27925.1777065 
188 	     93.500 	            0.0033584 	            0.0000180 	        27924.6032398 
189 	     94.000 	            0.0033763 	            0.0000179 	        27924.6039800 
190 	     94.500 	            0.0033941 	            0.0000179 	        27925.0050101 
191 	     95.000 	            0.0034121 	            0.0000180 	        27924.3140531 
192 	     95.500 	            0.0034300 	            0.0000179 	        27924.3385801 
193 	     96.000 	            0.0034479 	            0.0000178 	        27924.9069484 
194 	     96.500 	            0.0034658 	            0.0000179 	        27924.7667257 
195 	     97.000 	            0.0034837 	            0.0000179 	        27924.7046976 
196 	     97.500 	            0.0035016 	            0.0000178 	        27925.2315614 
197 	     98.000 	            0.0035195 	            0.0000180 	        27924.8198879 
198 	     98.500 	            0.0035374 	            0.0000179 	        27924.6706782 
199 	     99.000 	            0.0035553 	            0.0000178 	        27925.1244756 
200 	     99.500 	            0.0035732 	            0.0000179 	        27924.9142410 
201 	    100.000 	            0.0035911 	            0.0000179 	        27924.8706599 
202 	    100.500 	            0.0036091 	            0.0000179 	        27924.6024667 
203 	    101.000 	            0.0036269 	            0.0000179 	        27924.8624816 
204 	    101.500 	            0.0036448 	            0.0000179 	        27925.1250639 
205 	    102.000 	            0.0036628 	            0.0000180 	        27924.6158766 
206 	    102.500 	            0.0036808 	            0.0000180 	        27924.0336463 
207 	    103.000 	            0.0036985 	            0.0000178 	        27924.9091576 
208 	    103.500 	            0.0037165 	            0.0000180 	        27924.4706627 
209 	    104.000 	            0.0037344 	            0.0000179 	        27924.2881181 
210 	    104.500 	            0.0037524 	            0.0000180 	        27923.6443666 
211 	    105.000 	            0.0037703 	            0.0000178 	        27924.1249048 
212 	    105.500 	            0.0037881 	            0.0000179 	        27924.5282853 
213 	    106.000 	            0.0038061 	            0.0000179 	        27924.2133694 
214 	    106.500 	            0.0038239 	            0.0000178 	        27924.7076377 
215 	    107.000 	            0.0038418 	            0.0000179 	        27924.7512649 
216 	    107.500 	            0.0038598 	            0.0000180 	        27923.9091470 
217 	    108.000 	            0.0038776 	            0.0000178 	        27924.6151902 
218 	    108.500 	            0.0038956 	            0.0000179 	        27924.3977194 
219 	    109.000 	            0.0039135 	            0.0000179 	        27924.4281001 
220 	    109.500 	            0.0039314 	            0.0000179 	        27924.4004401 
221 	    110.000 	            0.0039493 	            0.0000179 	        27924.5485456 
222 	    110.500 	            0.0039672 	            0.0000180 	        27924.0653890 
223 	    111.000 	            0.0039851 	            0.0000178 	        27924.5539453 
224 	    111.500 	            0.0040030 	            0.0000180 	        27924.2093392 
225 	    112.000 	            0.0040210 	            0.0000179 	        27923.9441514 
226 	    112.500 	            0.0040389 	            0.0000179 	        27924.0734238 
227 	    113.000 	            0.0040568 	            0.0000179 	        27923.9993068 
228 	    113.500 	            0.0040747 	            0.0000179 	        27924.2285978 
229 	    114.000 	            0.0040926 	            0.0000179 	        27923.9839685 
230 	    114.500 	            0.0041105 	            0.0000179 	        27923.7589571 
231 	    115.000 	            0.0041284 	            0.0000178 	        27924.3264741 
232 	    115.500 	            0.0041464 	            0.0000180 	        27923.3528362 
233 	    116.000 	            0.0041642 	            0.0000178 	        27924.0786762 
234 	    116.500 	            0.0041822 	            0.0000180 	        27923.2272506 
235 	    117.000 	            0.0042000 	            0.0000178 	        27924.2563892 
236 	    117.500 	            0.0042180 	            0.0000180 	        27923.5809990 
237 	    118.000 	            0.0042358 	            0.0000178 	        27924.0773420 
238 	    118.500 	            0.0042538 	            0.0000180 	        27923.4706597 
239 	    119.000 	            0.0042717 	            0.0000178 	        27923.8463736 
240 	    119.500 	            0.0042895 	            0.0000179 	        27924.1551041 
241 	    120.000 	            0.0043075 	            0.0000180 	        27923.4564255 
242 	    120.500 	            0.0043254 	            0.0000179 	        27923.6045912 
243 	    121.000 	            0.0043433 	            0.0000178 	        27924.1364192 
244 	    121.500 	            0.0043612 	            0.0000180 	        27923.7107016 
245 	    122.000 	            0.0043792 	            0.0000179 	        27923.4799331 
246 	    122.500 	            0.0043971 	            0.0000179 	        27923.2576048 
247 	    123.000 	            0.0044151 	            0.0000180 	        27922.6857131 
248 	    123.500 	            0.0044330 	            0.0000179 	        27922.7665806 
249 	    124.000 	            0.0044506 	            0.0000176 	        27924.5197213 
250 	    124.500 	            0.0044687 	            0.0000181 	        27923.2273753 
251 	    125.000 	            0.0044867 	            0.0000179 	        27923.0666972 
252 	    125.500 	            0.0045045 	            0.0000178 	        27923.5756676 
253 	    126.000 	            0.0045224 	            0.0000179 	        27923.6519959 
254 	    126.500 	            0.0045404 	            0.0000180 	        27922.8715030 
255 	    127.000 	            0.0045584 	            0.0000180 	        27922.4835618 
256 	    127.500 	            0.0045762 	            0.0000178 	        27923.1325662 
257 	    128.000 	            0.0045941 	            0.0000179 	        27922.9332745 
258 	    128.500 	            0.0046121 	            0.0000179 	        27922.7247210 
259 	    129.000 	            0.0046300 	            0.0000179 	        27922.7705131 
260 	    129.500 	            0.0046479 	            0.0000179 	        27922.5203729 
261 	    130.000 	            0.0046657 	            0.0000178 	        27923.1669714 
262 	    130.500 	            0.0046836 	            0.0000179 	        27923.4389114 
263 	    131.000 	            0.0047016 	            0.0000180 	        27922.7366604 
264 	    131.500 	            0.0047194 	            0.0000178 	        27923.4101022 
265 	    132.000 	            0.0047374 	            0.0000180 	        27922.6786154 
266 	    132.500 	            0.0047554 	            0.0000180 	        27922.1156236 
267 	    133.000 	            0.0047731 	            0.0000177 	        27923.3264216 
268 	    133.500 	            0.0047911 	            0.0000180 	        27922.6524154 
269 	    134.000 	            0.0048092 	            0.0000180 	        27921.9159399 
270 	    134.500 	            0.0048270 	            0.0000178 	        27922.4007041 
271 	    135.000 	            0.0048448 	            0.0000178 	        27922.7778115 
272 	    135.500 	            0.0048628 	            0.0000180 	        27922.2920667 
273 	    136.000 	            0.0048808 	            0.0000180 	        27921.9353539 
274 	    136.500 	            0.0048986 	            0.0000178 	        27922.3798072 
275 	    137.000 	            0.0049165 	            0.0000179 	        27922.4551952 
276 	    137.500 	            0.0049345 	            0.0000180 	        27921.9583561 
277 	    138.000 	            0.0049524 	            0.0000178 	        27922.4027123 
278 	    138.500 	            0.0049702 	            0.0000179 	        27922.5021166 
279 	    139.000 	            0.0049882 	            0.0000180 	        27922.0894446 
