# Zc 	 Nc 	 t0 (s) 	 elapsed time (s) 	 F (Hz) 
1 	      0.000 	            0.0000042 	            0.0000000 	            0.0000000 
2 	      0.500 	            0.0000222 	            0.0000179 	        27904.1786342 
3 	      1.000 	            0.0000400 	            0.0000179 	        27933.6523508 
4 	      1.500 	            0.0000580 	            0.0000179 	        27928.4923207 
5 	      2.000 	            0.0000759 	            0.0000179 	        27928.1829059 
6 	      2.500 	            0.0000938 	            0.0000179 	        27924.8094605 
7 	      3.000 	            0.0001117 	            0.0000179 	        27925.1419613 
8 	      3.500 	            0.0001296 	            0.0000179 	        27925.7532067 
9 	      4.000 	            0.0001475 	            0.0000179 	        27928.0639269 
10 	      4.500 	            0.0001654 	            0.0000179 	        27926.8877429 
11 	      5.000 	            0.0001833 	            0.0000179 	        27926.8981202 
12 	      5.500 	            0.0002012 	            0.0000179 	        27926.6898918 
13 	      6.000 	            0.0002191 	            0.0000179 	        27927.7243331 
14 	      6.500 	            0.0002370 	            0.0000179 	        27925.6461575 
15 	      7.000 	            0.0002549 	            0.0000179 	        27927.6554609 
16 	      7.500 	            0.0002728 	            0.0000179 	        27927.4724326 
17 	      8.000 	            0.0002907 	            0.0000179 	        27927.6776028 
18 	      8.500 	            0.0003086 	            0.0000179 	        27925.2377150 
19 	      9.000 	            0.0003265 	            0.0000179 	        27927.4522229 
20 	      9.500 	            0.0003444 	            0.0000179 	        27926.2354933 
21 	     10.000 	            0.0003623 	            0.0000179 	        27927.6405548 
22 	     10.500 	            0.0003802 	            0.0000179 	        27925.6439147 
23 	     11.000 	            0.0003981 	            0.0000179 	        27926.5141207 
24 	     11.500 	            0.0004160 	            0.0000179 	        27926.1492286 
25 	     12.000 	            0.0004339 	            0.0000179 	        27927.4209119 
26 	     12.500 	            0.0004519 	            0.0000179 	        27926.0381650 
27 	     13.000 	            0.0004697 	            0.0000179 	        27926.8591843 
28 	     13.500 	            0.0004877 	            0.0000179 	        27926.6519513 
29 	     14.000 	            0.0005056 	            0.0000179 	        27926.5896939 
30 	     14.500 	            0.0005235 	            0.0000179 	        27925.9490911 
31 	     15.000 	            0.0005414 	            0.0000179 	        27926.3894649 
32 	     15.500 	            0.0005593 	            0.0000179 	        27926.2778935 
33 	     16.000 	            0.0005772 	            0.0000179 	        27926.8496339 
34 	     16.500 	            0.0005951 	            0.0000179 	        27925.5483830 
35 	     17.000 	            0.0006130 	            0.0000179 	        27926.0820949 
36 	     17.500 	            0.0006309 	            0.0000179 	        27926.0944765 
37 	     18.000 	            0.0006488 	            0.0000179 	        27926.1422671 
38 	     18.500 	            0.0006667 	            0.0000179 	        27925.3418535 
39 	     19.000 	            0.0006846 	            0.0000179 	        27925.8427399 
40 	     19.500 	            0.0007025 	            0.0000179 	        27925.3839153 
41 	     20.000 	            0.0007204 	            0.0000179 	        27926.0166370 
42 	     20.500 	            0.0007383 	            0.0000179 	        27925.4510471 
43 	     21.000 	            0.0007562 	            0.0000179 	        27926.0516950 
44 	     21.500 	            0.0007741 	            0.0000179 	        27926.1221952 
45 	     22.000 	            0.0007921 	            0.0000179 	        27925.6488620 
46 	     22.500 	            0.0008100 	            0.0000179 	        27925.8028790 
47 	     23.000 	            0.0008279 	            0.0000179 	        27925.8915809 
48 	     23.500 	            0.0008458 	            0.0000179 	        27925.2488619 
49 	     24.000 	            0.0008636 	            0.0000179 	        27926.3585491 
50 	     24.500 	            0.0008816 	            0.0000179 	        27925.6808677 
51 	     25.000 	            0.0008995 	            0.0000179 	        27925.3644035 
52 	     25.500 	            0.0009174 	            0.0000179 	        27925.6655236 
53 	     26.000 	            0.0009353 	            0.0000179 	        27925.6428959 
54 	     26.500 	            0.0009532 	            0.0000179 	        27924.5932974 
55 	     27.000 	            0.0009711 	            0.0000179 	        27925.5318590 
56 	     27.500 	            0.0009890 	            0.0000179 	        27924.6909669 
57 	     28.000 	            0.0010069 	            0.0000179 	        27925.3320518 
58 	     28.500 	            0.0010248 	            0.0000179 	        27924.6731896 
59 	     29.000 	            0.0010427 	            0.0000179 	        27925.3183644 
60 	     29.500 	            0.0010606 	            0.0000179 	        27925.2480292 
61 	     30.000 	            0.0010785 	            0.0000179 	        27925.5038734 
62 	     30.500 	            0.0010964 	            0.0000179 	        27925.2254160 
63 	     31.000 	            0.0011144 	            0.0000179 	        27925.1141449 
64 	     31.500 	            0.0011323 	            0.0000179 	        27924.6081322 
65 	     32.000 	            0.0011502 	            0.0000179 	        27925.1413820 
66 	     32.500 	            0.0011681 	            0.0000179 	        27924.6547437 
67 	     33.000 	            0.0011860 	            0.0000179 	        27924.9845917 
68 	     33.500 	            0.0012039 	            0.0000179 	        27924.8352774 
69 	     34.000 	            0.0012218 	            0.0000179 	        27925.0699632 
70 	     34.500 	            0.0012397 	            0.0000179 	        27924.7270781 
71 	     35.000 	            0.0012576 	            0.0000179 	        27924.9210566 
72 	     35.500 	            0.0012755 	            0.0000179 	        27924.5440186 
73 	     36.000 	            0.0012934 	            0.0000179 	        27924.7467537 
74 	     36.500 	            0.0013113 	            0.0000179 	        27924.6610748 
75 	     37.000 	            0.0013292 	            0.0000179 	        27925.1733867 
76 	     37.500 	            0.0013471 	            0.0000179 	        27925.1597113 
77 	     38.000 	            0.0013651 	            0.0000179 	        27924.6269427 
78 	     38.500 	            0.0013830 	            0.0000179 	        27924.3315450 
79 	     39.000 	            0.0014008 	            0.0000179 	        27925.1974683 
80 	     39.500 	            0.0014188 	            0.0000180 	        27924.1451382 
81 	     40.000 	            0.0014367 	            0.0000179 	        27924.8005783 
82 	     40.500 	            0.0014546 	            0.0000179 	        27924.2397935 
83 	     41.000 	            0.0014725 	            0.0000179 	        27924.8992234 
84 	     41.500 	            0.0014904 	            0.0000179 	        27924.4500608 
85 	     42.000 	            0.0015083 	            0.0000179 	        27924.5281770 
86 	     42.500 	            0.0015262 	            0.0000179 	        27924.7878866 
87 	     43.000 	            0.0015441 	            0.0000179 	        27925.0123613 
88 	     43.500 	            0.0015620 	            0.0000179 	        27924.9677359 
89 	     44.000 	            0.0015799 	            0.0000179 	        27924.5883021 
90 	     44.500 	            0.0015978 	            0.0000179 	        27924.3464865 
91 	     45.000 	            0.0016157 	            0.0000179 	        27924.4214238 
92 	     45.500 	            0.0016336 	            0.0000179 	        27924.4460286 
93 	     46.000 	            0.0016515 	            0.0000179 	        27924.4087435 
94 	     46.500 	            0.0016695 	            0.0000179 	        27924.3742245 
95 	     47.000 	            0.0016873 	            0.0000179 	        27924.6039186 
96 	     47.500 	            0.0017053 	            0.0000179 	        27924.2214783 
97 	     48.000 	            0.0017232 	            0.0000179 	        27924.1008537 
98 	     48.500 	            0.0017411 	            0.0000179 	        27924.2557240 
99 	     49.000 	            0.0017590 	            0.0000179 	        27924.5721370 
100 	     49.500 	            0.0017769 	            0.0000179 	        27924.5288784 
101 	     50.000 	            0.0017948 	            0.0000179 	        27924.4317662 
102 	     50.500 	            0.0018127 	            0.0000179 	        27924.5293860 
103 	     51.000 	            0.0018306 	            0.0000179 	        27924.8387898 
104 	     51.500 	            0.0018485 	            0.0000179 	        27924.5440220 
105 	     52.000 	            0.0018664 	            0.0000179 	        27924.1882820 
106 	     52.500 	            0.0018843 	            0.0000179 	        27924.4978541 
107 	     53.000 	            0.0019022 	            0.0000179 	        27924.6783779 
108 	     53.500 	            0.0019201 	            0.0000179 	        27924.4587462 
109 	     54.000 	            0.0019380 	            0.0000179 	        27924.7936549 
110 	     54.500 	            0.0019559 	            0.0000179 	        27924.3827819 
111 	     55.000 	            0.0019739 	            0.0000179 	        27924.2348134 
112 	     55.500 	            0.0019917 	            0.0000179 	        27924.8992729 
113 	     56.000 	            0.0020096 	            0.0000179 	        27924.8344112 
114 	     56.500 	            0.0020276 	            0.0000180 	        27923.6083150 
115 	     57.000 	            0.0020454 	            0.0000178 	        27924.9655205 
116 	     57.500 	            0.0020634 	            0.0000179 	        27924.6702919 
117 	     58.000 	            0.0020813 	            0.0000179 	        27924.6406563 
118 	     58.500 	            0.0020992 	            0.0000179 	        27924.4782708 
119 	     59.000 	            0.0021171 	            0.0000179 	        27924.1883553 
120 	     59.500 	            0.0021350 	            0.0000179 	        27924.4635113 
121 	     60.000 	            0.0021529 	            0.0000179 	        27924.6898481 
122 	     60.500 	            0.0021708 	            0.0000179 	        27925.1149699 
123 	     61.000 	            0.0021887 	            0.0000179 	        27924.7870256 
124 	     61.500 	            0.0022066 	            0.0000179 	        27924.7021793 
125 	     62.000 	            0.0022245 	            0.0000179 	        27924.1647596 
126 	     62.500 	            0.0022424 	            0.0000179 	        27924.2605296 
127 	     63.000 	            0.0022603 	            0.0000179 	        27924.3956076 
128 	     63.500 	            0.0022782 	            0.0000179 	        27924.4923516 
129 	     64.000 	            0.0022962 	            0.0000179 	        27924.1410999 
130 	     64.500 	            0.0023141 	            0.0000179 	        27924.2681471 
131 	     65.000 	            0.0023319 	            0.0000179 	        27924.7631261 
132 	     65.500 	            0.0023499 	            0.0000179 	        27924.3477551 
133 	     66.000 	            0.0023678 	            0.0000179 	        27924.6209124 
134 	     66.500 	            0.0023857 	            0.0000179 	        27924.6172682 
135 	     67.000 	            0.0024036 	            0.0000179 	        27924.5800549 
136 	     67.500 	            0.0024215 	            0.0000179 	        27924.5900449 
137 	     68.000 	            0.0024393 	            0.0000179 	        27924.8859785 
138 	     68.500 	            0.0024573 	            0.0000179 	        27924.4559354 
139 	     69.000 	            0.0024752 	            0.0000179 	        27924.3882576 
140 	     69.500 	            0.0024931 	            0.0000179 	        27924.3742757 
141 	     70.000 	            0.0025110 	            0.0000179 	        27924.8279225 
142 	     70.500 	            0.0025289 	            0.0000179 	        27924.3810938 
143 	     71.000 	            0.0025468 	            0.0000179 	        27924.4140332 
144 	     71.500 	            0.0025647 	            0.0000178 	        27925.0993697 
145 	     72.000 	            0.0025826 	            0.0000179 	        27924.7681782 
146 	     72.500 	            0.0026005 	            0.0000179 	        27924.4431249 
147 	     73.000 	            0.0026184 	            0.0000179 	        27924.4888476 
148 	     73.500 	            0.0026363 	            0.0000179 	        27924.5551063 
149 	     74.000 	            0.0026542 	            0.0000179 	        27924.8099604 
150 	     74.500 	            0.0026721 	            0.0000179 	        27924.9285402 
151 	     75.000 	            0.0026901 	            0.0000179 	        27924.5324700 
152 	     75.500 	            0.0027080 	            0.0000179 	        27924.5446951 
153 	     76.000 	            0.0027259 	            0.0000179 	        27924.6640411 
154 	     76.500 	            0.0027437 	            0.0000179 	        27924.7825138 
155 	     77.000 	            0.0027617 	            0.0000179 	        27924.3598169 
156 	     77.500 	            0.0027796 	            0.0000179 	        27924.5742056 
157 	     78.000 	            0.0027975 	            0.0000179 	        27924.1518288 
158 	     78.500 	            0.0028153 	            0.0000178 	        27925.0748351 
159 	     79.000 	            0.0028333 	            0.0000180 	        27924.5538108 
160 	     79.500 	            0.0028512 	            0.0000179 	        27924.4808075 
161 	     80.000 	            0.0028691 	            0.0000179 	        27924.5591798 
162 	     80.500 	            0.0028870 	            0.0000179 	        27924.3682015 
163 	     81.000 	            0.0029049 	            0.0000179 	        27924.3794744 
164 	     81.500 	            0.0029228 	            0.0000179 	        27924.4935327 
165 	     82.000 	            0.0029407 	            0.0000179 	        27924.6293344 
166 	     82.500 	            0.0029586 	            0.0000179 	        27924.7868067 
167 	     83.000 	            0.0029765 	            0.0000179 	        27925.2878099 
168 	     83.500 	            0.0029944 	            0.0000179 	        27925.2356205 
169 	     84.000 	            0.0030123 	            0.0000180 	        27924.5810105 
170 	     84.500 	            0.0030303 	            0.0000179 	        27924.5461161 
171 	     85.000 	            0.0030481 	            0.0000179 	        27924.8819253 
172 	     85.500 	            0.0030660 	            0.0000179 	        27924.8559603 
173 	     86.000 	            0.0030839 	            0.0000179 	        27925.2805083 
174 	     86.500 	            0.0031019 	            0.0000180 	        27924.6812704 
175 	     87.000 	            0.0031198 	            0.0000179 	        27924.7617705 
176 	     87.500 	            0.0031376 	            0.0000179 	        27925.0721166 
177 	     88.000 	            0.0031555 	            0.0000179 	        27925.1223301 
178 	     88.500 	            0.0031735 	            0.0000179 	        27924.8607990 
179 	     89.000 	            0.0031914 	            0.0000179 	        27924.9704918 
180 	     89.500 	            0.0032092 	            0.0000179 	        27925.2822865 
181 	     90.000 	            0.0032272 	            0.0000180 	        27924.5794475 
182 	     90.500 	            0.0032452 	            0.0000179 	        27924.2768431 
183 	     91.000 	            0.0032630 	            0.0000179 	        27924.6563761 
184 	     91.500 	            0.0032809 	            0.0000179 	        27924.8070492 
185 	     92.000 	            0.0032988 	            0.0000179 	        27924.8384412 
186 	     92.500 	            0.0033167 	            0.0000179 	        27924.8317090 
187 	     93.000 	            0.0033347 	            0.0000180 	        27924.4503562 
188 	     93.500 	            0.0033526 	            0.0000179 	        27924.3617837 
189 	     94.000 	            0.0033704 	            0.0000178 	        27925.0564242 
190 	     94.500 	            0.0033883 	            0.0000179 	        27924.7277954 
191 	     95.000 	            0.0034062 	            0.0000179 	        27924.7898756 
192 	     95.500 	            0.0034241 	            0.0000179 	        27924.9793426 
193 	     96.000 	            0.0034421 	            0.0000180 	        27924.5372762 
194 	     96.500 	            0.0034600 	            0.0000179 	        27924.4563066 
195 	     97.000 	            0.0034779 	            0.0000179 	        27924.7475116 
196 	     97.500 	            0.0034958 	            0.0000179 	        27924.6395462 
197 	     98.000 	            0.0035136 	            0.0000178 	        27925.2291169 
198 	     98.500 	            0.0035317 	            0.0000180 	        27924.1623202 
199 	     99.000 	            0.0035495 	            0.0000179 	        27924.5938396 
200 	     99.500 	            0.0035674 	            0.0000179 	        27924.5442709 
201 	    100.000 	            0.0035853 	            0.0000178 	        27924.9906040 
202 	    100.500 	            0.0036032 	            0.0000180 	        27924.5153797 
203 	    101.000 	            0.0036212 	            0.0000179 	        27924.4186800 
204 	    101.500 	            0.0036391 	            0.0000179 	        27924.2112911 
205 	    102.000 	            0.0036570 	            0.0000179 	        27924.3379192 
206 	    102.500 	            0.0036749 	            0.0000179 	        27924.2931184 
207 	    103.000 	            0.0036928 	            0.0000179 	        27924.2792507 
208 	    103.500 	            0.0037107 	            0.0000179 	        27924.2799897 
209 	    104.000 	            0.0037286 	            0.0000179 	        27924.4337612 
210 	    104.500 	            0.0037464 	            0.0000179 	        27924.8447618 
211 	    105.000 	            0.0037644 	            0.0000180 	        27924.1384596 
212 	    105.500 	            0.0037823 	            0.0000179 	        27924.4258410 
213 	    106.000 	            0.0038002 	            0.0000179 	        27924.3650545 
214 	    106.500 	            0.0038180 	            0.0000178 	        27924.9809304 
215 	    107.000 	            0.0038360 	            0.0000180 	        27924.5192560 
216 	    107.500 	            0.0038540 	            0.0000180 	        27924.1493805 
217 	    108.000 	            0.0038718 	            0.0000178 	        27924.7612848 
218 	    108.500 	            0.0038898 	            0.0000180 	        27924.1719314 
219 	    109.000 	            0.0039078 	            0.0000180 	        27923.5361428 
220 	    109.500 	            0.0039255 	            0.0000177 	        27924.6803684 
221 	    110.000 	            0.0039434 	            0.0000179 	        27924.6641787 
222 	    110.500 	            0.0039614 	            0.0000180 	        27924.1065150 
223 	    111.000 	            0.0039793 	            0.0000179 	        27924.3296093 
224 	    111.500 	            0.0039971 	            0.0000178 	        27924.7650071 
225 	    112.000 	            0.0040151 	            0.0000179 	        27924.5701349 
226 	    112.500 	            0.0040330 	            0.0000180 	        27924.2168160 
227 	    113.000 	            0.0040510 	            0.0000180 	        27923.6296427 
228 	    113.500 	            0.0040689 	            0.0000179 	        27923.9463348 
229 	    114.000 	            0.0040867 	            0.0000178 	        27924.3313653 
230 	    114.500 	            0.0041047 	            0.0000180 	        27923.7346926 
231 	    115.000 	            0.0041226 	            0.0000179 	        27924.1110993 
232 	    115.500 	            0.0041404 	            0.0000179 	        27924.2462397 
233 	    116.000 	            0.0041584 	            0.0000180 	        27923.8751276 
234 	    116.500 	            0.0041764 	            0.0000180 	        27923.4468536 
235 	    117.000 	            0.0041942 	            0.0000178 	        27923.9290569 
236 	    117.500 	            0.0042121 	            0.0000179 	        27923.8353831 
237 	    118.000 	            0.0042300 	            0.0000179 	        27924.0449440 
238 	    118.500 	            0.0042480 	            0.0000180 	        27923.2431530 
239 	    119.000 	            0.0042657 	            0.0000177 	        27924.4309840 
240 	    119.500 	            0.0042838 	            0.0000180 	        27923.5768123 
241 	    120.000 	            0.0043017 	            0.0000179 	        27923.3909322 
242 	    120.500 	            0.0043196 	            0.0000178 	        27923.8372108 
243 	    121.000 	            0.0043374 	            0.0000179 	        27924.0983801 
244 	    121.500 	            0.0043554 	            0.0000180 	        27923.7315042 
245 	    122.000 	            0.0043734 	            0.0000180 	        27923.0954134 
246 	    122.500 	            0.0043912 	            0.0000178 	        27923.9621108 
247 	    123.000 	            0.0044092 	            0.0000180 	        27923.1901172 
248 	    123.500 	            0.0044270 	            0.0000178 	        27923.7313074 
249 	    124.000 	            0.0044449 	            0.0000179 	        27923.5329839 
250 	    124.500 	            0.0044628 	            0.0000179 	        27923.7241583 
251 	    125.000 	            0.0044808 	            0.0000180 	        27923.1592659 
252 	    125.500 	            0.0044986 	            0.0000178 	        27923.8926711 
253 	    126.000 	            0.0045166 	            0.0000180 	        27923.3153013 
254 	    126.500 	            0.0045344 	            0.0000178 	        27923.8396795 
255 	    127.000 	            0.0045525 	            0.0000181 	        27922.9118305 
256 	    127.500 	            0.0045703 	            0.0000179 	        27923.1577606 
257 	    128.000 	            0.0045882 	            0.0000179 	        27923.2478802 
258 	    128.500 	            0.0046063 	            0.0000181 	        27922.3015957 
259 	    129.000 	            0.0046241 	            0.0000178 	        27922.7000105 
260 	    129.500 	            0.0046419 	            0.0000178 	        27923.4593436 
261 	    130.000 	            0.0046600 	            0.0000181 	        27922.5523393 
262 	    130.500 	            0.0046779 	            0.0000179 	        27922.3331594 
263 	    131.000 	            0.0046957 	            0.0000178 	        27922.9949454 
264 	    131.500 	            0.0047137 	            0.0000180 	        27922.7345054 
265 	    132.000 	            0.0047314 	            0.0000178 	        27923.4937654 
266 	    132.500 	            0.0047495 	            0.0000181 	        27922.4604487 
267 	    133.000 	            0.0047675 	            0.0000179 	        27922.3769014 
268 	    133.500 	            0.0047851 	            0.0000177 	        27923.7900894 
269 	    134.000 	            0.0048031 	            0.0000180 	        27923.2789704 
270 	    134.500 	            0.0048210 	            0.0000179 	        27923.1355831 
271 	    135.000 	            0.0048391 	            0.0000181 	        27922.2911382 
272 	    135.500 	            0.0048570 	            0.0000179 	        27922.2875714 
273 	    136.000 	            0.0048749 	            0.0000179 	        27922.5812040 
274 	    136.500 	            0.0048928 	            0.0000180 	        27922.2160992 
275 	    137.000 	            0.0049108 	            0.0000180 	        27921.9416126 
276 	    137.500 	            0.0049286 	            0.0000178 	        27922.5535123 
277 	    138.000 	            0.0049466 	            0.0000180 	        27921.8525394 
278 	    138.500 	            0.0049645 	            0.0000179 	        27921.9090819 
279 	    139.000 	            0.0049826 	            0.0000181 	        27921.0697036 
